// MilkShape 3D ASCII

Frames: 30
Frame: 1

Meshes: 3
"Sphere01" 1 1
89
1 -0.250000 -21.000000 0.500000 0.000000 1.000000 -1
1 10.250000 -18.186531 0.500000 0.000000 0.833333 -1
1 8.843269 -18.186531 5.750000 0.083333 0.833333 -1
1 -0.250000 21.000000 0.500000 0.000000 0.000000 -1
1 8.843269 18.186533 5.750000 0.083333 0.166667 -1
1 10.250000 18.186533 0.500000 0.000000 0.166667 -1
1 -0.250000 -21.000000 0.500000 0.083333 1.000000 -1
1 5.000000 -18.186531 9.593269 0.166667 0.833333 -1
1 -0.250000 21.000000 0.500000 0.083333 0.000000 -1
1 5.000000 18.186533 9.593269 0.166667 0.166667 -1
1 -0.250000 -21.000000 0.500000 0.166667 1.000000 -1
1 -0.250000 -18.186531 11.000000 0.250000 0.833333 -1
1 -0.250000 21.000000 0.500000 0.166667 0.000000 -1
1 -0.250000 18.186533 11.000000 0.250000 0.166667 -1
1 -0.250000 -21.000000 0.500000 0.250000 1.000000 -1
1 -5.500000 -18.186531 9.593269 0.333333 0.833333 -1
1 -0.250000 21.000000 0.500000 0.250000 0.000000 -1
1 -5.500000 18.186533 9.593269 0.333333 0.166667 -1
1 -0.250000 -21.000000 0.500000 0.333333 1.000000 -1
1 -9.343262 -18.186531 5.750000 0.416667 0.833333 -1
1 -0.250000 21.000000 0.500000 0.333333 0.000000 -1
1 -9.343262 18.186533 5.750000 0.416667 0.166667 -1
1 -0.250000 -21.000000 0.500000 0.416667 1.000000 -1
1 -10.750000 -18.186531 0.500000 0.500000 0.833333 -1
1 -0.250000 21.000000 0.500000 0.416667 0.000000 -1
1 -10.750000 18.186533 0.500000 0.500000 0.166667 -1
1 -0.250000 -21.000000 0.500000 0.500000 1.000000 -1
1 -9.343262 -18.186531 -4.750000 0.583333 0.833333 -1
1 -0.250000 21.000000 0.500000 0.500000 0.000000 -1
1 -9.343262 18.186533 -4.750000 0.583333 0.166667 -1
1 -0.250000 -21.000000 0.500000 0.583333 1.000000 -1
1 -5.500000 -18.186531 -8.593269 0.666667 0.833333 -1
1 -0.250000 21.000000 0.500000 0.583333 0.000000 -1
1 -5.500000 18.186533 -8.593269 0.666667 0.166667 -1
1 -0.250000 -21.000000 0.500000 0.666667 1.000000 -1
1 -0.250000 -18.186531 -10.000000 0.750000 0.833333 -1
1 -0.250000 21.000000 0.500000 0.666667 0.000000 -1
1 -0.250000 18.186533 -10.000000 0.750000 0.166667 -1
1 -0.250000 -21.000000 0.500000 0.750000 1.000000 -1
1 5.000000 -18.186531 -8.593269 0.833333 0.833333 -1
1 -0.250000 21.000000 0.500000 0.750000 0.000000 -1
1 5.000000 18.186533 -8.593269 0.833333 0.166667 -1
1 -0.250000 -21.000000 0.500000 0.833333 1.000000 -1
1 8.843269 -18.186531 -4.750000 0.916667 0.833333 -1
1 -0.250000 21.000000 0.500000 0.833333 0.000000 -1
1 8.843269 18.186533 -4.750000 0.916667 0.166667 -1
1 -0.250000 -21.000000 0.500000 0.916667 1.000000 -1
1 10.250000 -18.186531 0.500000 1.000000 0.833333 -1
1 -0.250000 21.000000 0.500000 0.916667 0.000000 -1
1 10.250000 18.186533 0.500000 1.000000 0.166667 -1
1 17.936531 -10.500000 0.500000 0.000000 0.666667 -1
1 15.500000 -10.500000 9.593266 0.083333 0.666667 -1
1 8.843262 -10.500000 16.250000 0.166667 0.666667 -1
1 -0.250000 -10.500000 18.686531 0.250000 0.666667 -1
1 -9.343262 -10.500000 16.250000 0.333333 0.666667 -1
1 -16.000000 -10.500000 9.593266 0.416667 0.666667 -1
1 -18.436531 -10.500000 0.500000 0.500000 0.666667 -1
1 -16.000000 -10.500000 -8.593269 0.583333 0.666667 -1
1 -9.343262 -10.500000 -15.250000 0.666667 0.666667 -1
1 -0.250000 -10.500000 -17.686535 0.750000 0.666667 -1
1 8.843262 -10.500000 -15.250000 0.833333 0.666667 -1
1 15.500000 -10.500000 -8.593269 0.916667 0.666667 -1
1 17.936531 -10.500000 0.500000 1.000000 0.666667 -1
1 20.750000 0.000000 0.500000 0.000000 0.500000 -1
1 17.936539 0.000000 11.000000 0.083333 0.500000 -1
1 10.250000 0.000000 18.686531 0.166667 0.500000 -1
1 -0.250000 0.000000 21.500000 0.250000 0.500000 -1
1 -10.750000 0.000000 18.686531 0.333333 0.500000 -1
1 -18.436531 0.000000 11.000000 0.416667 0.500000 -1
1 -21.250000 0.000000 0.500000 0.500000 0.500000 -1
1 -18.436531 0.000000 -10.000000 0.583333 0.500000 -1
1 -10.750000 0.000000 -17.686535 0.666667 0.500000 -1
1 -0.250000 0.000000 -20.500000 0.750000 0.500000 -1
1 10.250000 0.000000 -17.686535 0.833333 0.500000 -1
1 17.936539 0.000000 -10.000000 0.916667 0.500000 -1
1 20.750000 0.000000 0.500000 1.000000 0.500000 -1
1 17.936531 10.500000 0.500000 0.000000 0.333333 -1
1 15.500000 10.500000 9.593266 0.083333 0.333333 -1
1 8.843262 10.500000 16.250000 0.166667 0.333333 -1
1 -0.250000 10.500000 18.686531 0.250000 0.333333 -1
1 -9.343262 10.500000 16.250000 0.333333 0.333333 -1
1 -16.000000 10.500000 9.593266 0.416667 0.333333 -1
1 -18.436531 10.500000 0.500000 0.500000 0.333333 -1
1 -16.000000 10.500000 -8.593269 0.583333 0.333333 -1
1 -9.343262 10.500000 -15.250000 0.666667 0.333333 -1
1 -0.250000 10.500000 -17.686535 0.750000 0.333333 -1
1 8.843262 10.500000 -15.250000 0.833333 0.333333 -1
1 15.500000 10.500000 -8.593269 0.916667 0.333333 -1
1 17.936531 10.500000 0.500000 1.000000 0.333333 -1
62
-0.000000 -1.000000 -0.000000
0.573584 -0.819147 0.000000
0.431481 -0.867044 0.249116
-0.000000 1.000000 -0.000000
0.431481 0.867044 0.249116
0.573584 0.819147 0.000000
0.286792 -0.819147 0.496738
0.286792 0.819147 0.496738
0.000000 -0.867044 0.498231
0.000000 0.867044 0.498231
-0.286792 -0.819147 0.496738
-0.286792 0.819147 0.496738
-0.431481 -0.867044 0.249116
-0.431481 0.867044 0.249116
-0.573583 -0.819147 0.000000
-0.573583 0.819147 0.000000
-0.431481 -0.867044 -0.249116
-0.431481 0.867044 -0.249116
-0.286792 -0.819147 -0.496738
-0.286792 0.819147 -0.496738
0.000000 -0.867044 -0.498231
0.000000 0.867044 -0.498231
0.286792 -0.819147 -0.496738
0.286792 0.819147 -0.496738
0.431481 -0.867044 -0.249116
0.431481 0.867044 -0.249116
0.865033 -0.501714 0.000000
0.749141 -0.501715 0.432517
0.432517 -0.501714 0.749141
0.000000 -0.501714 0.865033
-0.432517 -0.501714 0.749141
-0.749141 -0.501715 0.432517
-0.865033 -0.501714 0.000000
-0.749141 -0.501715 -0.432517
-0.432517 -0.501714 -0.749141
0.000000 -0.501715 -0.865033
0.432517 -0.501714 -0.749141
0.749141 -0.501715 -0.432517
1.000000 0.000000 0.000000
0.866025 0.000000 0.500000
0.500000 0.000000 0.866026
0.000000 0.000000 1.000000
-0.500000 -0.000000 0.866025
-0.866025 0.000000 0.500000
-1.000000 0.000000 0.000000
-0.866025 -0.000000 -0.500000
-0.500000 0.000000 -0.866025
0.000000 0.000000 -1.000000
0.500000 0.000000 -0.866026
0.866025 0.000000 -0.500000
0.865033 0.501714 0.000000
0.749141 0.501715 0.432517
0.432517 0.501714 0.749141
0.000000 0.501714 0.865033
-0.432517 0.501714 0.749141
-0.749141 0.501714 0.432517
-0.865033 0.501714 0.000000
-0.749141 0.501715 -0.432517
-0.432517 0.501714 -0.749141
0.000000 0.501714 -0.865033
0.432517 0.501714 -0.749141
0.749141 0.501715 -0.432517
120
1 0 1 2 0 1 2 1
1 3 4 5 3 4 5 1
1 6 2 7 0 2 6 1
1 8 9 4 3 7 4 1
1 10 7 11 0 6 8 1
1 12 13 9 3 9 7 1
1 14 11 15 0 8 10 1
1 16 17 13 3 11 9 1
1 18 15 19 0 10 12 1
1 20 21 17 3 13 11 1
1 22 19 23 0 12 14 1
1 24 25 21 3 15 13 1
1 26 23 27 0 14 16 1
1 28 29 25 3 17 15 1
1 30 27 31 0 16 18 1
1 32 33 29 3 19 17 1
1 34 31 35 0 18 20 1
1 36 37 33 3 21 19 1
1 38 35 39 0 20 22 1
1 40 41 37 3 23 21 1
1 42 39 43 0 22 24 1
1 44 45 41 3 25 23 1
1 46 43 47 0 24 1 1
1 48 49 45 3 5 25 1
1 1 50 51 1 26 27 1
1 1 51 2 1 27 2 1
1 2 51 7 2 27 6 1
1 51 52 7 27 28 6 1
1 7 52 53 6 28 29 1
1 7 53 11 6 29 8 1
1 11 53 15 8 29 10 1
1 53 54 15 29 30 10 1
1 15 54 55 10 30 31 1
1 15 55 19 10 31 12 1
1 19 55 23 12 31 14 1
1 55 56 23 31 32 14 1
1 23 56 57 14 32 33 1
1 23 57 27 14 33 16 1
1 27 57 31 16 33 18 1
1 57 58 31 33 34 18 1
1 31 58 59 18 34 35 1
1 31 59 35 18 35 20 1
1 35 59 39 20 35 22 1
1 59 60 39 35 36 22 1
1 39 60 61 22 36 37 1
1 39 61 43 22 37 24 1
1 43 61 47 24 37 1 1
1 61 62 47 37 26 1 1
1 50 63 51 26 38 27 1
1 63 64 51 38 39 27 1
1 51 64 65 27 39 40 1
1 51 65 52 27 40 28 1
1 52 65 53 28 40 29 1
1 65 66 53 40 41 29 1
1 53 66 67 29 41 42 1
1 53 67 54 29 42 30 1
1 54 67 55 30 42 31 1
1 67 68 55 42 43 31 1
1 55 68 69 31 43 44 1
1 55 69 56 31 44 32 1
1 56 69 57 32 44 33 1
1 69 70 57 44 45 33 1
1 57 70 71 33 45 46 1
1 57 71 58 33 46 34 1
1 58 71 59 34 46 35 1
1 71 72 59 46 47 35 1
1 59 72 73 35 47 48 1
1 59 73 60 35 48 36 1
1 60 73 61 36 48 37 1
1 73 74 61 48 49 37 1
1 61 74 75 37 49 38 1
1 61 75 62 37 38 26 1
1 63 76 77 38 50 51 1
1 63 77 64 38 51 39 1
1 64 77 65 39 51 40 1
1 77 78 65 51 52 40 1
1 65 78 79 40 52 53 1
1 65 79 66 40 53 41 1
1 66 79 67 41 53 42 1
1 79 80 67 53 54 42 1
1 67 80 81 42 54 55 1
1 67 81 68 42 55 43 1
1 68 81 69 43 55 44 1
1 81 82 69 55 56 44 1
1 69 82 83 44 56 57 1
1 69 83 70 44 57 45 1
1 70 83 71 45 57 46 1
1 83 84 71 57 58 46 1
1 71 84 85 46 58 59 1
1 71 85 72 46 59 47 1
1 72 85 73 47 59 48 1
1 85 86 73 59 60 48 1
1 73 86 87 48 60 61 1
1 73 87 74 48 61 49 1
1 74 87 75 49 61 38 1
1 87 88 75 61 50 38 1
1 76 5 77 50 5 51 1
1 5 4 77 5 4 51 1
1 77 4 9 51 4 7 1
1 77 9 78 51 7 52 1
1 78 9 79 52 7 53 1
1 9 13 79 7 9 53 1
1 79 13 17 53 9 11 1
1 79 17 80 53 11 54 1
1 80 17 81 54 11 55 1
1 17 21 81 11 13 55 1
1 81 21 25 55 13 15 1
1 81 25 82 55 15 56 1
1 82 25 83 56 15 57 1
1 25 29 83 15 17 57 1
1 83 29 33 57 17 19 1
1 83 33 84 57 19 58 1
1 84 33 85 58 19 59 1
1 33 37 85 19 21 59 1
1 85 37 41 59 21 23 1
1 85 41 86 59 23 60 1
1 86 41 87 60 23 61 1
1 41 45 87 23 25 61 1
1 87 45 49 61 25 5 1
1 87 49 88 61 5 50 1
"Sphere04" 1 1
89
1 12.782258 3.784274 0.000000 0.000000 1.000000 -1
1 33.876007 -0.146613 0.000000 0.000000 0.833333 -1
1 33.185204 -0.146613 1.289063 0.083333 0.833333 -1
1 12.782258 24.409273 0.000000 0.000000 0.000000 -1
1 23.810202 30.527662 1.289063 0.083333 0.166667 -1
1 24.501007 30.527662 0.000000 0.000000 0.166667 -1
1 12.782258 3.784274 0.000000 0.083333 1.000000 -1
1 15.360382 5.165887 2.232722 0.166667 0.833333 -1
1 12.782258 24.409273 0.000000 0.083333 0.000000 -1
1 21.922882 30.527662 2.232722 0.166667 0.166667 -1
1 12.782258 3.784274 0.000000 0.166667 1.000000 -1
1 12.782258 5.165887 2.578125 0.250000 0.833333 -1
1 12.782258 24.409273 0.000000 0.166667 0.000000 -1
1 12.782258 23.027662 2.578125 0.250000 0.166667 -1
1 12.782258 3.784274 0.000000 0.250000 1.000000 -1
1 10.204133 5.165887 2.232722 0.333333 0.833333 -1
1 12.782258 24.409273 0.000000 0.250000 0.000000 -1
1 7.391633 35.527660 2.232722 0.333333 0.166667 -1
1 12.782258 3.784274 0.000000 0.333333 1.000000 -1
1 8.316815 5.165887 1.289063 0.416667 0.833333 -1
1 12.782258 24.409273 0.000000 0.333333 0.000000 -1
1 5.504315 35.527660 1.289063 0.416667 0.166667 -1
1 12.782258 3.784274 0.000000 0.416667 1.000000 -1
1 7.626008 5.165887 0.000000 0.500000 0.833333 -1
1 12.782258 24.409273 0.000000 0.416667 0.000000 -1
1 4.813508 35.527660 0.000000 0.500000 0.166667 -1
1 12.782258 3.784274 0.000000 0.500000 1.000000 -1
1 8.316815 5.165887 -1.289063 0.583333 0.833333 -1
1 12.782258 24.409273 0.000000 0.500000 0.000000 -1
1 8.316815 23.027662 -1.289063 0.583333 0.166667 -1
1 12.782258 3.784274 0.000000 0.583333 1.000000 -1
1 10.204133 5.165887 -2.232722 0.666667 0.833333 -1
1 12.782258 24.409273 0.000000 0.583333 0.000000 -1
1 10.204133 23.027662 -2.232722 0.666667 0.166667 -1
1 12.782258 3.784274 0.000000 0.666667 1.000000 -1
1 12.782258 5.165887 -2.578125 0.750000 0.833333 -1
1 12.782258 24.409273 0.000000 0.666667 0.000000 -1
1 12.782258 23.027662 -2.578125 0.750000 0.166667 -1
1 12.782258 3.784274 0.000000 0.750000 1.000000 -1
1 15.360382 5.165887 -2.232722 0.833333 0.833333 -1
1 12.782258 24.409273 0.000000 0.750000 0.000000 -1
1 15.360382 23.027662 -2.232722 0.833333 0.166667 -1
1 12.782258 3.784274 0.000000 0.833333 1.000000 -1
1 17.247702 5.165887 -1.289063 0.916667 0.833333 -1
1 12.782258 24.409273 0.000000 0.833333 0.000000 -1
1 17.247702 23.027662 -1.289063 0.916667 0.166667 -1
1 12.782258 3.784274 0.000000 0.916667 1.000000 -1
1 33.876007 -0.146613 0.000000 1.000000 0.833333 -1
1 12.782258 24.409273 0.000000 0.916667 0.000000 -1
1 24.501007 30.527662 0.000000 1.000000 0.166667 -1
1 21.713144 8.940524 0.000000 0.000000 0.666667 -1
1 20.516632 8.940524 2.232722 0.083333 0.666667 -1
1 17.247702 8.940524 3.867188 0.166667 0.666667 -1
1 12.782258 8.940524 4.465444 0.250000 0.666667 -1
1 8.316815 8.940524 3.867188 0.333333 0.666667 -1
1 5.047883 8.940524 2.232722 0.416667 0.666667 -1
1 3.851371 8.940524 0.000000 0.500000 0.666667 -1
1 5.047883 8.940524 -2.232722 0.583333 0.666667 -1
1 8.316815 8.940524 -3.867188 0.666667 0.666667 -1
1 12.782258 8.940524 -4.465444 0.750000 0.666667 -1
1 17.247702 8.940524 -3.867188 0.833333 0.666667 -1
1 20.516632 8.940524 -2.232722 0.916667 0.666667 -1
1 21.713144 8.940524 0.000000 1.000000 0.666667 -1
1 35.282257 13.159274 0.000000 0.000000 0.500000 -1
1 33.900642 13.159274 2.578125 0.083333 0.500000 -1
1 17.938507 14.096774 4.465444 0.166667 0.500000 -1
1 12.782258 14.096774 5.156250 0.250000 0.500000 -1
1 7.626008 14.096774 4.465444 0.333333 0.500000 -1
1 3.851371 14.096774 2.578125 0.416667 0.500000 -1
1 2.469758 14.096774 0.000000 0.500000 0.500000 -1
1 3.851371 14.096774 -2.578125 0.583333 0.500000 -1
1 7.626008 14.096774 -4.465444 0.666667 0.500000 -1
1 12.782258 14.096774 -5.156250 0.750000 0.500000 -1
1 17.938507 14.096774 -4.465444 0.833333 0.500000 -1
1 21.713144 14.096774 -2.578125 0.916667 0.500000 -1
1 35.282257 13.159274 0.000000 1.000000 0.500000 -1
1 21.713144 19.253025 0.000000 0.000000 0.333333 -1
1 20.516632 19.253025 2.232722 0.083333 0.333333 -1
1 17.247702 19.253025 3.867188 0.166667 0.333333 -1
1 12.782258 19.253025 4.465444 0.250000 0.333333 -1
1 8.316815 19.253025 3.867188 0.333333 0.333333 -1
1 5.047883 19.253025 2.232722 0.416667 0.333333 -1
1 3.851371 19.253025 0.000000 0.500000 0.333333 -1
1 5.047883 19.253025 -2.232722 0.583333 0.333333 -1
1 8.316815 19.253025 -3.867188 0.666667 0.333333 -1
1 12.782258 19.253025 -4.465444 0.750000 0.333333 -1
1 17.247702 19.253025 -3.867188 0.833333 0.333333 -1
1 20.516632 19.253025 -2.232722 0.916667 0.333333 -1
1 21.713144 19.253025 0.000000 1.000000 0.333333 -1
62
-0.109834 -0.991970 -0.062704
0.639977 0.253804 -0.725267
0.114187 -0.467343 0.876671
0.083800 0.831244 -0.549555
0.364594 0.873355 0.322990
0.721211 0.282283 -0.632590
0.095888 -0.546637 0.831862
-0.047972 0.475567 0.878371
0.000000 -0.697613 0.716475
0.244300 0.645008 0.724073
-0.218160 -0.653446 0.724855
0.305195 0.402288 0.863146
-0.393467 -0.812845 0.429496
-0.159091 0.978901 0.128232
-0.569428 -0.822041 0.000000
-0.589109 0.377832 -0.714279
-0.393467 -0.812845 -0.429496
-0.059074 0.491999 -0.868589
-0.218160 -0.653446 -0.724855
-0.218160 0.653446 -0.724855
0.000000 -0.697613 -0.716475
0.000000 0.697613 -0.716474
0.218160 -0.653446 -0.724855
0.218160 0.653446 -0.724855
0.125983 -0.588993 -0.798257
0.096623 0.542156 -0.834704
0.978888 -0.204395 0.000000
0.492579 -0.267427 0.828160
0.276256 -0.323847 0.904879
0.000000 -0.294134 0.955764
-0.276256 -0.323847 0.904879
-0.625619 -0.420444 0.657136
-0.862548 -0.505975 0.000000
-0.625619 -0.420444 -0.657136
-0.276256 -0.323847 -0.904879
-0.000000 -0.294134 -0.955764
0.276256 -0.323847 -0.904879
0.408031 -0.287740 -0.866439
0.839133 -0.052367 -0.541400
0.378040 -0.029659 0.925314
0.210620 -0.002527 0.977565
0.000000 -0.000000 1.000000
-0.293648 -0.000000 0.955914
-0.695442 -0.000000 0.718582
-1.000000 -0.000000 -0.000000
-0.695442 -0.000000 -0.718582
-0.293648 -0.000000 -0.955914
0.000000 -0.000000 -1.000000
0.293648 -0.000000 -0.955914
0.319549 0.000799 -0.947569
0.880797 0.473494 0.000000
0.604738 0.264636 0.751172
0.292911 0.082845 0.952544
0.050884 0.192264 0.980023
-0.292001 0.113873 0.949615
-0.690058 0.133430 0.711348
-0.987101 0.160096 0.000000
-0.564850 0.276405 -0.777525
-0.276256 0.323847 -0.904879
0.000000 0.294134 -0.955764
0.276256 0.323847 -0.904879
0.432619 0.334113 -0.837382
120
1 0 1 2 0 1 2 1
1 3 4 5 3 4 5 1
1 6 2 7 0 2 6 1
1 8 9 4 3 7 4 1
1 10 7 11 0 6 8 1
1 12 13 9 3 9 7 1
1 14 11 15 0 8 10 1
1 16 17 13 3 11 9 1
1 18 15 19 0 10 12 1
1 20 21 17 3 13 11 1
1 22 19 23 0 12 14 1
1 24 25 21 3 15 13 1
1 26 23 27 0 14 16 1
1 28 29 25 3 17 15 1
1 30 27 31 0 16 18 1
1 32 33 29 3 19 17 1
1 34 31 35 0 18 20 1
1 36 37 33 3 21 19 1
1 38 35 39 0 20 22 1
1 40 41 37 3 23 21 1
1 42 39 43 0 22 24 1
1 44 45 41 3 25 23 1
1 46 43 47 0 24 1 1
1 48 49 45 3 5 25 1
1 1 50 51 1 26 27 1
1 1 51 2 1 27 2 1
1 2 51 7 2 27 6 1
1 51 52 7 27 28 6 1
1 7 52 53 6 28 29 1
1 7 53 11 6 29 8 1
1 11 53 15 8 29 10 1
1 53 54 15 29 30 10 1
1 15 54 55 10 30 31 1
1 15 55 19 10 31 12 1
1 19 55 23 12 31 14 1
1 55 56 23 31 32 14 1
1 23 56 57 14 32 33 1
1 23 57 27 14 33 16 1
1 27 57 31 16 33 18 1
1 57 58 31 33 34 18 1
1 31 58 59 18 34 35 1
1 31 59 35 18 35 20 1
1 35 59 39 20 35 22 1
1 59 60 39 35 36 22 1
1 39 60 61 22 36 37 1
1 39 61 43 22 37 24 1
1 43 61 47 24 37 1 1
1 61 62 47 37 26 1 1
1 50 63 51 26 38 27 1
1 63 64 51 38 39 27 1
1 51 64 65 27 39 40 1
1 51 65 52 27 40 28 1
1 52 65 53 28 40 29 1
1 65 66 53 40 41 29 1
1 53 66 67 29 41 42 1
1 53 67 54 29 42 30 1
1 54 67 55 30 42 31 1
1 67 68 55 42 43 31 1
1 55 68 69 31 43 44 1
1 55 69 56 31 44 32 1
1 56 69 57 32 44 33 1
1 69 70 57 44 45 33 1
1 57 70 71 33 45 46 1
1 57 71 58 33 46 34 1
1 58 71 59 34 46 35 1
1 71 72 59 46 47 35 1
1 59 72 73 35 47 48 1
1 59 73 60 35 48 36 1
1 60 73 61 36 48 37 1
1 73 74 61 48 49 37 1
1 61 74 75 37 49 38 1
1 61 75 62 37 38 26 1
1 63 76 77 38 50 51 1
1 63 77 64 38 51 39 1
1 64 77 65 39 51 40 1
1 77 78 65 51 52 40 1
1 65 78 79 40 52 53 1
1 65 79 66 40 53 41 1
1 66 79 67 41 53 42 1
1 79 80 67 53 54 42 1
1 67 80 81 42 54 55 1
1 67 81 68 42 55 43 1
1 68 81 69 43 55 44 1
1 81 82 69 55 56 44 1
1 69 82 83 44 56 57 1
1 69 83 70 44 57 45 1
1 70 83 71 45 57 46 1
1 83 84 71 57 58 46 1
1 71 84 85 46 58 59 1
1 71 85 72 46 59 47 1
1 72 85 73 47 59 48 1
1 85 86 73 59 60 48 1
1 73 86 87 48 60 61 1
1 73 87 74 48 61 49 1
1 74 87 75 49 61 38 1
1 87 88 75 61 50 38 1
1 76 5 77 50 5 51 1
1 5 4 77 5 4 51 1
1 77 4 9 51 4 7 1
1 77 9 78 51 7 52 1
1 78 9 79 52 7 53 1
1 9 13 79 7 9 53 1
1 79 13 17 53 9 11 1
1 79 17 80 53 11 54 1
1 80 17 81 54 11 55 1
1 17 21 81 11 13 55 1
1 81 21 25 55 13 15 1
1 81 25 82 55 15 56 1
1 82 25 83 56 15 57 1
1 25 29 83 15 17 57 1
1 83 29 33 57 17 19 1
1 83 33 84 57 19 58 1
1 84 33 85 58 19 59 1
1 33 37 85 19 21 59 1
1 85 37 41 59 21 23 1
1 85 41 86 59 23 60 1
1 86 41 87 60 23 61 1
1 41 45 87 23 25 61 1
1 87 45 49 61 25 5 1
1 87 49 88 61 5 50 1
"Duplicate01" 1 1
89
1 -14.282257 -2.284275 0.000000 0.000000 1.000000 -1
1 -35.376007 1.646614 0.000000 0.000000 0.833333 -1
1 -34.685204 1.646614 1.289063 0.083333 0.833333 -1
1 -14.282257 -22.909273 0.000000 0.000000 0.000000 -1
1 -25.310204 -29.027664 1.289063 0.083333 0.166667 -1
1 -26.001007 -29.027664 0.000000 0.000000 0.166667 -1
1 -14.282257 -2.284275 0.000000 0.083333 1.000000 -1
1 -16.860382 -3.665886 2.232722 0.166667 0.833333 -1
1 -14.282257 -22.909273 0.000000 0.083333 0.000000 -1
1 -23.422882 -29.027664 2.232722 0.166667 0.166667 -1
1 -14.282257 -2.284275 0.000000 0.166667 1.000000 -1
1 -14.282257 -3.665886 2.578125 0.250000 0.833333 -1
1 -14.282257 -22.909273 0.000000 0.166667 0.000000 -1
1 -14.282257 -21.527662 2.578125 0.250000 0.166667 -1
1 -14.282257 -2.284275 0.000000 0.250000 1.000000 -1
1 -11.704132 -3.665886 2.232722 0.333333 0.833333 -1
1 -14.282257 -22.909273 0.000000 0.250000 0.000000 -1
1 -8.891632 -34.027660 2.232722 0.333333 0.166667 -1
1 -14.282257 -2.284275 0.000000 0.333333 1.000000 -1
1 -9.816814 -3.665886 1.289063 0.416667 0.833333 -1
1 -14.282257 -22.909273 0.000000 0.333333 0.000000 -1
1 -7.004314 -34.027660 1.289063 0.416667 0.166667 -1
1 -14.282257 -2.284275 0.000000 0.416667 1.000000 -1
1 -9.126007 -3.665886 0.000000 0.500000 0.833333 -1
1 -14.282257 -22.909273 0.000000 0.416667 0.000000 -1
1 -6.313507 -34.027660 0.000000 0.500000 0.166667 -1
1 -14.282257 -2.284275 0.000000 0.500000 1.000000 -1
1 -9.816814 -3.665886 -1.289063 0.583333 0.833333 -1
1 -14.282257 -22.909273 0.000000 0.500000 0.000000 -1
1 -9.816814 -21.527662 -1.289063 0.583333 0.166667 -1
1 -14.282257 -2.284275 0.000000 0.583333 1.000000 -1
1 -11.704132 -3.665886 -2.232722 0.666667 0.833333 -1
1 -14.282257 -22.909273 0.000000 0.583333 0.000000 -1
1 -11.704132 -21.527662 -2.232722 0.666667 0.166667 -1
1 -14.282257 -2.284275 0.000000 0.666667 1.000000 -1
1 -14.282257 -3.665886 -2.578125 0.750000 0.833333 -1
1 -14.282257 -22.909273 0.000000 0.666667 0.000000 -1
1 -14.282257 -21.527662 -2.578125 0.750000 0.166667 -1
1 -14.282257 -2.284275 0.000000 0.750000 1.000000 -1
1 -16.860382 -3.665886 -2.232722 0.833333 0.833333 -1
1 -14.282257 -22.909273 0.000000 0.750000 0.000000 -1
1 -16.860382 -21.527662 -2.232722 0.833333 0.166667 -1
1 -14.282257 -2.284275 0.000000 0.833333 1.000000 -1
1 -18.747704 -3.665886 -1.289063 0.916667 0.833333 -1
1 -14.282257 -22.909273 0.000000 0.833333 0.000000 -1
1 -18.747704 -21.527662 -1.289063 0.916667 0.166667 -1
1 -14.282257 -2.284275 0.000000 0.916667 1.000000 -1
1 -35.376007 1.646614 0.000000 1.000000 0.833333 -1
1 -14.282257 -22.909273 0.000000 0.916667 0.000000 -1
1 -26.001007 -29.027664 0.000000 1.000000 0.166667 -1
1 -23.213142 -7.440525 0.000000 0.000000 0.666667 -1
1 -22.016632 -7.440525 2.232722 0.083333 0.666667 -1
1 -18.747704 -7.440525 3.867188 0.166667 0.666667 -1
1 -14.282257 -7.440525 4.465444 0.250000 0.666667 -1
1 -9.816814 -7.440525 3.867188 0.333333 0.666667 -1
1 -6.547882 -7.440525 2.232722 0.416667 0.666667 -1
1 -5.351372 -7.440525 0.000000 0.500000 0.666667 -1
1 -6.547882 -7.440525 -2.232722 0.583333 0.666667 -1
1 -9.816814 -7.440525 -3.867188 0.666667 0.666667 -1
1 -14.282257 -7.440525 -4.465444 0.750000 0.666667 -1
1 -18.747704 -7.440525 -3.867188 0.833333 0.666667 -1
1 -22.016632 -7.440525 -2.232722 0.916667 0.666667 -1
1 -23.213142 -7.440525 0.000000 1.000000 0.666667 -1
1 -36.782257 -11.659275 0.000000 0.000000 0.500000 -1
1 -35.400642 -11.659275 2.578125 0.083333 0.500000 -1
1 -19.438507 -12.596775 4.465444 0.166667 0.500000 -1
1 -14.282257 -12.596775 5.156250 0.250000 0.500000 -1
1 -9.126007 -12.596775 4.465444 0.333333 0.500000 -1
1 -5.351372 -12.596775 2.578125 0.416667 0.500000 -1
1 -3.969757 -12.596775 0.000000 0.500000 0.500000 -1
1 -5.351372 -12.596775 -2.578125 0.583333 0.500000 -1
1 -9.126007 -12.596775 -4.465444 0.666667 0.500000 -1
1 -14.282257 -12.596775 -5.156250 0.750000 0.500000 -1
1 -19.438507 -12.596775 -4.465444 0.833333 0.500000 -1
1 -23.213142 -12.596775 -2.578125 0.916667 0.500000 -1
1 -36.782257 -11.659275 0.000000 1.000000 0.500000 -1
1 -23.213142 -17.753025 0.000000 0.000000 0.333333 -1
1 -22.016632 -17.753025 2.232722 0.083333 0.333333 -1
1 -18.747704 -17.753025 3.867188 0.166667 0.333333 -1
1 -14.282257 -17.753025 4.465444 0.250000 0.333333 -1
1 -9.816814 -17.753025 3.867188 0.333333 0.333333 -1
1 -6.547882 -17.753025 2.232722 0.416667 0.333333 -1
1 -5.351372 -17.753025 0.000000 0.500000 0.333333 -1
1 -6.547882 -17.753025 -2.232722 0.583333 0.333333 -1
1 -9.816814 -17.753025 -3.867188 0.666667 0.333333 -1
1 -14.282257 -17.753025 -4.465444 0.750000 0.333333 -1
1 -18.747704 -17.753025 -3.867188 0.833333 0.333333 -1
1 -22.016632 -17.753025 -2.232722 0.916667 0.333333 -1
1 -23.213142 -17.753025 0.000000 1.000000 0.333333 -1
62
0.109834 0.991970 -0.062704
-0.639977 -0.253804 -0.725267
-0.114187 0.467343 0.876671
-0.083800 -0.831244 -0.549555
-0.364595 -0.873355 0.322989
-0.721211 -0.282283 -0.632590
-0.095888 0.546637 0.831861
0.047972 -0.475567 0.878371
0.000000 0.697613 0.716474
-0.244300 -0.645008 0.724073
0.218160 0.653446 0.724855
-0.305195 -0.402288 0.863146
0.393467 0.812845 0.429496
0.159091 -0.978901 0.128232
0.569428 0.822041 0.000000
0.589109 -0.377831 -0.714278
0.393467 0.812845 -0.429496
0.059074 -0.491999 -0.868589
0.218160 0.653446 -0.724855
0.218160 -0.653446 -0.724855
0.000000 0.697613 -0.716474
0.000000 -0.697613 -0.716474
-0.218160 0.653446 -0.724855
-0.218160 -0.653446 -0.724855
-0.125983 0.588993 -0.798257
-0.096623 -0.542156 -0.834704
-0.978888 0.204395 0.000000
-0.492579 0.267427 0.828160
-0.276256 0.323847 0.904879
0.000000 0.294134 0.955764
0.276256 0.323847 0.904879
0.625619 0.420444 0.657136
0.862548 0.505975 0.000000
0.625619 0.420444 -0.657136
0.276256 0.323847 -0.904879
0.000000 0.294133 -0.955764
-0.276256 0.323847 -0.904879
-0.408032 0.287740 -0.866439
-0.839133 0.052367 -0.541400
-0.378040 0.029659 0.925314
-0.210620 0.002527 0.977565
0.000000 0.000000 1.000000
0.293648 0.000000 0.955914
0.695442 0.000000 0.718582
1.000000 -0.000000 0.000000
0.695442 0.000000 -0.718582
0.293648 0.000000 -0.955914
0.000000 0.000000 -1.000000
-0.293648 0.000000 -0.955914
-0.319549 -0.000799 -0.947569
-0.880797 -0.473494 0.000000
-0.604738 -0.264636 0.751172
-0.292911 -0.082845 0.952544
-0.050884 -0.192265 0.980023
0.292001 -0.113873 0.949615
0.690058 -0.133430 0.711348
0.987101 -0.160096 0.000000
0.564850 -0.276405 -0.777525
0.276256 -0.323847 -0.904879
0.000000 -0.294134 -0.955764
-0.276256 -0.323847 -0.904879
-0.432619 -0.334113 -0.837382
120
1 0 1 2 0 1 2 1
1 3 4 5 3 4 5 1
1 6 2 7 0 2 6 1
1 8 9 4 3 7 4 1
1 10 7 11 0 6 8 1
1 12 13 9 3 9 7 1
1 14 11 15 0 8 10 1
1 16 17 13 3 11 9 1
1 18 15 19 0 10 12 1
1 20 21 17 3 13 11 1
1 22 19 23 0 12 14 1
1 24 25 21 3 15 13 1
1 26 23 27 0 14 16 1
1 28 29 25 3 17 15 1
1 30 27 31 0 16 18 1
1 32 33 29 3 19 17 1
1 34 31 35 0 18 20 1
1 36 37 33 3 21 19 1
1 38 35 39 0 20 22 1
1 40 41 37 3 23 21 1
1 42 39 43 0 22 24 1
1 44 45 41 3 25 23 1
1 46 43 47 0 24 1 1
1 48 49 45 3 5 25 1
1 1 50 51 1 26 27 1
1 1 51 2 1 27 2 1
1 2 51 7 2 27 6 1
1 51 52 7 27 28 6 1
1 7 52 53 6 28 29 1
1 7 53 11 6 29 8 1
1 11 53 15 8 29 10 1
1 53 54 15 29 30 10 1
1 15 54 55 10 30 31 1
1 15 55 19 10 31 12 1
1 19 55 23 12 31 14 1
1 55 56 23 31 32 14 1
1 23 56 57 14 32 33 1
1 23 57 27 14 33 16 1
1 27 57 31 16 33 18 1
1 57 58 31 33 34 18 1
1 31 58 59 18 34 35 1
1 31 59 35 18 35 20 1
1 35 59 39 20 35 22 1
1 59 60 39 35 36 22 1
1 39 60 61 22 36 37 1
1 39 61 43 22 37 24 1
1 43 61 47 24 37 1 1
1 61 62 47 37 26 1 1
1 50 63 51 26 38 27 1
1 63 64 51 38 39 27 1
1 51 64 65 27 39 40 1
1 51 65 52 27 40 28 1
1 52 65 53 28 40 29 1
1 65 66 53 40 41 29 1
1 53 66 67 29 41 42 1
1 53 67 54 29 42 30 1
1 54 67 55 30 42 31 1
1 67 68 55 42 43 31 1
1 55 68 69 31 43 44 1
1 55 69 56 31 44 32 1
1 56 69 57 32 44 33 1
1 69 70 57 44 45 33 1
1 57 70 71 33 45 46 1
1 57 71 58 33 46 34 1
1 58 71 59 34 46 35 1
1 71 72 59 46 47 35 1
1 59 72 73 35 47 48 1
1 59 73 60 35 48 36 1
1 60 73 61 36 48 37 1
1 73 74 61 48 49 37 1
1 61 74 75 37 49 38 1
1 61 75 62 37 38 26 1
1 63 76 77 38 50 51 1
1 63 77 64 38 51 39 1
1 64 77 65 39 51 40 1
1 77 78 65 51 52 40 1
1 65 78 79 40 52 53 1
1 65 79 66 40 53 41 1
1 66 79 67 41 53 42 1
1 79 80 67 53 54 42 1
1 67 80 81 42 54 55 1
1 67 81 68 42 55 43 1
1 68 81 69 43 55 44 1
1 81 82 69 55 56 44 1
1 69 82 83 44 56 57 1
1 69 83 70 44 57 45 1
1 70 83 71 45 57 46 1
1 83 84 71 57 58 46 1
1 71 84 85 46 58 59 1
1 71 85 72 46 59 47 1
1 72 85 73 47 59 48 1
1 85 86 73 59 60 48 1
1 73 86 87 48 60 61 1
1 73 87 74 48 61 49 1
1 74 87 75 49 61 38 1
1 87 88 75 61 50 38 1
1 76 5 77 50 5 51 1
1 5 4 77 5 4 51 1
1 77 4 9 51 4 7 1
1 77 9 78 51 7 52 1
1 78 9 79 52 7 53 1
1 9 13 79 7 9 53 1
1 79 13 17 53 9 11 1
1 79 17 80 53 11 54 1
1 80 17 81 54 11 55 1
1 17 21 81 11 13 55 1
1 81 21 25 55 13 15 1
1 81 25 82 55 15 56 1
1 82 25 83 56 15 57 1
1 25 29 83 15 17 57 1
1 83 29 33 57 17 19 1
1 83 33 84 57 19 58 1
1 84 33 85 58 19 59 1
1 33 37 85 19 21 59 1
1 85 37 41 59 21 23 1
1 85 41 86 59 23 60 1
1 86 41 87 60 23 61 1
1 41 45 87 23 25 61 1
1 87 45 49 61 25 5 1
1 87 49 88 61 5 50 1

Materials: 2
"Material01"
0.960784 0.960784 0.960784 1.000000
1.000000 1.000000 1.000000 1.000000
0.000000 0.000000 0.000000 1.000000
0.000000 0.000000 0.000000 1.000000
0.000000
1.000000
"pink.png"
""
"Material03"
1.000000 1.000000 1.000000 1.000000
1.000000 1.000000 1.000000 1.000000
0.000000 0.000000 0.000000 1.000000
0.000000 0.000000 0.000000 1.000000
0.000000
1.000000
"orange.png"
""



Bones: 1
"joint1"
""
8 107.000000 0.000000 -303.000000 0.000000 0.000000 0.000000
0
0
GroupComments: 0
MaterialComments: 0
BoneComments: 0
ModelComment: 0
