// MilkShape 3D ASCII

Frames: 30
Frame: 1

Meshes: 10
"UL" 2 2
20
2 -30.000000 30.000000 0.840000 0.000000 0.000000 -1
2 -30.000000 10.250000 0.840000 0.000000 1.000000 -1
2 -10.000000 30.000000 0.840000 1.000000 0.000000 -1
2 -10.000000 10.250000 0.840000 1.000000 1.000000 -1
2 -10.000000 30.000000 0.840000 0.000000 0.000000 -1
2 -10.000000 10.250000 0.840000 0.000000 1.000000 -1
2 -10.000000 30.000000 -0.040000 1.000000 0.000000 -1
2 -10.000000 10.250000 -0.040000 1.000000 1.000000 -1
2 -10.000000 30.000000 -0.040000 0.000000 0.000000 -1
2 -10.000000 10.250000 -0.040000 0.000000 1.000000 -1
2 -30.000000 30.000000 -0.040000 1.000000 0.000000 -1
2 -30.000000 10.250000 -0.040000 1.000000 1.000000 -1
2 -30.000000 30.000000 -0.040000 0.000000 0.000000 -1
2 -30.000000 10.250000 -0.040000 0.000000 1.000000 -1
2 -30.000000 30.000000 0.840000 1.000000 0.000000 -1
2 -30.000000 10.250000 0.840000 1.000000 1.000000 -1
2 -30.000000 30.000000 0.840000 0.000000 1.000000 -1
2 -10.000000 30.000000 0.840000 1.000000 1.000000 -1
2 -30.000000 10.250000 0.840000 0.000000 0.000000 -1
2 -10.000000 10.250000 0.840000 1.000000 0.000000 -1
8
-0.666667 0.666667 0.333333
-0.408248 -0.408248 0.816497
0.408248 0.408248 0.816497
0.666667 -0.666667 0.333333
0.666667 0.666667 -0.333333
0.408248 -0.408248 -0.816497
-0.408248 0.408248 -0.816497
-0.666667 -0.666667 -0.333333
12
2 0 1 2 0 1 2 1
2 1 3 2 1 3 2 1
2 4 5 6 2 3 4 1
2 5 7 6 3 5 4 1
2 8 9 10 4 5 6 1
2 9 11 10 5 7 6 1
2 12 13 14 6 7 0 1
2 13 15 14 7 1 0 1
2 12 16 6 6 0 4 1
2 16 17 6 0 2 4 1
2 18 13 19 1 7 3 1
2 13 7 19 7 5 3 1
"U" 1 3
20
1 -10.000000 30.000000 0.840000 0.000000 0.000000 -1
1 -10.000000 10.250000 0.840000 0.000000 1.000000 -1
1 10.000000 30.000000 0.840000 1.000000 0.000000 -1
1 10.000000 10.250000 0.840000 1.000000 1.000000 -1
1 10.000000 30.000000 0.840000 0.000000 0.000000 -1
1 10.000000 10.250000 0.840000 0.000000 1.000000 -1
1 10.000000 30.000000 -0.040000 1.000000 0.000000 -1
1 10.000000 10.250000 -0.040000 1.000000 1.000000 -1
1 10.000000 30.000000 -0.040000 0.000000 0.000000 -1
1 10.000000 10.250000 -0.040000 0.000000 1.000000 -1
1 -10.000000 30.000000 -0.040000 1.000000 0.000000 -1
1 -10.000000 10.250000 -0.040000 1.000000 1.000000 -1
1 -10.000000 30.000000 -0.040000 0.000000 0.000000 -1
1 -10.000000 10.250000 -0.040000 0.000000 1.000000 -1
1 -10.000000 30.000000 0.840000 1.000000 0.000000 -1
1 -10.000000 10.250000 0.840000 1.000000 1.000000 -1
1 -10.000000 30.000000 0.840000 0.000000 1.000000 -1
1 10.000000 30.000000 0.840000 1.000000 1.000000 -1
1 -10.000000 10.250000 0.840000 0.000000 0.000000 -1
1 10.000000 10.250000 0.840000 1.000000 0.000000 -1
8
-0.666667 0.666667 0.333333
-0.408248 -0.408248 0.816497
0.408248 0.408248 0.816497
0.666667 -0.666667 0.333333
0.666667 0.666667 -0.333333
0.408248 -0.408248 -0.816497
-0.408248 0.408248 -0.816497
-0.666667 -0.666667 -0.333333
12
1 0 1 2 0 1 2 1
1 1 3 2 1 3 2 1
1 4 5 6 2 3 4 1
1 5 7 6 3 5 4 1
1 8 9 10 4 5 6 1
1 9 11 10 5 7 6 1
1 12 13 14 6 7 0 1
1 13 15 14 7 1 0 1
1 12 16 6 6 0 4 1
1 16 17 6 0 2 4 1
1 18 13 19 1 7 3 1
1 13 7 19 7 5 3 1
"UR" 2 1
20
2 10.000000 30.000000 0.840000 0.000000 0.000000 -1
2 10.000000 10.250000 0.840000 0.000000 1.000000 -1
2 30.000000 30.000000 0.840000 1.000000 0.000000 -1
2 30.000000 10.250000 0.840000 1.000000 1.000000 -1
2 30.000000 30.000000 0.840000 0.000000 0.000000 -1
2 30.000000 10.250000 0.840000 0.000000 1.000000 -1
2 30.000000 30.000000 -0.040000 1.000000 0.000000 -1
2 30.000000 10.250000 -0.040000 1.000000 1.000000 -1
2 30.000000 30.000000 -0.040000 0.000000 0.000000 -1
2 30.000000 10.250000 -0.040000 0.000000 1.000000 -1
2 10.000000 30.000000 -0.040000 1.000000 0.000000 -1
2 10.000000 10.250000 -0.040000 1.000000 1.000000 -1
2 10.000000 30.000000 -0.040000 0.000000 0.000000 -1
2 10.000000 10.250000 -0.040000 0.000000 1.000000 -1
2 10.000000 30.000000 0.840000 1.000000 0.000000 -1
2 10.000000 10.250000 0.840000 1.000000 1.000000 -1
2 10.000000 30.000000 0.840000 0.000000 1.000000 -1
2 30.000000 30.000000 0.840000 1.000000 1.000000 -1
2 10.000000 10.250000 0.840000 0.000000 0.000000 -1
2 30.000000 10.250000 0.840000 1.000000 0.000000 -1
8
-0.666667 0.666667 0.333333
-0.408248 -0.408248 0.816497
0.408248 0.408248 0.816497
0.666667 -0.666667 0.333333
0.666667 0.666667 -0.333333
0.408248 -0.408248 -0.816497
-0.408248 0.408248 -0.816497
-0.666667 -0.666667 -0.333333
12
2 0 1 2 0 1 2 1
2 1 3 2 1 3 2 1
2 4 5 6 2 3 4 1
2 5 7 6 3 5 4 1
2 8 9 10 4 5 6 1
2 9 11 10 5 7 6 1
2 12 13 14 6 7 0 1
2 13 15 14 7 1 0 1
2 12 16 6 6 0 4 1
2 16 17 6 0 2 4 1
2 18 13 19 1 7 3 1
2 13 7 19 7 5 3 1
"L" 1 5
20
1 -30.000000 10.000000 0.840000 0.000000 0.000000 -1
1 -30.000000 -9.749999 0.840000 0.000000 1.000000 -1
1 -10.000000 10.000000 0.840000 1.000000 0.000000 -1
1 -10.000000 -9.749999 0.840000 1.000000 1.000000 -1
1 -10.000000 10.000000 0.840000 0.000000 0.000000 -1
1 -10.000000 -9.749999 0.840000 0.000000 1.000000 -1
1 -10.000000 10.000000 -0.040000 1.000000 0.000000 -1
1 -10.000000 -9.749999 -0.040000 1.000000 1.000000 -1
1 -10.000000 10.000000 -0.040000 0.000000 0.000000 -1
1 -10.000000 -9.749999 -0.040000 0.000000 1.000000 -1
1 -30.000000 10.000000 -0.040000 1.000000 0.000000 -1
1 -30.000000 -9.749999 -0.040000 1.000000 1.000000 -1
1 -30.000000 10.000000 -0.040000 0.000000 0.000000 -1
1 -30.000000 -9.749999 -0.040000 0.000000 1.000000 -1
1 -30.000000 10.000000 0.840000 1.000000 0.000000 -1
1 -30.000000 -9.749999 0.840000 1.000000 1.000000 -1
1 -30.000000 10.000000 0.840000 0.000000 1.000000 -1
1 -10.000000 10.000000 0.840000 1.000000 1.000000 -1
1 -30.000000 -9.749999 0.840000 0.000000 0.000000 -1
1 -10.000000 -9.749999 0.840000 1.000000 0.000000 -1
8
-0.666667 0.666667 0.333333
-0.408248 -0.408248 0.816497
0.408248 0.408248 0.816497
0.666667 -0.666667 0.333333
0.666667 0.666667 -0.333333
0.408248 -0.408248 -0.816497
-0.408248 0.408248 -0.816497
-0.666667 -0.666667 -0.333333
12
1 0 1 2 0 1 2 1
1 1 3 2 1 3 2 1
1 4 5 6 2 3 4 1
1 5 7 6 3 5 4 1
1 8 9 10 4 5 6 1
1 9 11 10 5 7 6 1
1 12 13 14 6 7 0 1
1 13 15 14 7 1 0 1
1 12 16 6 6 0 4 1
1 16 17 6 0 2 4 1
1 18 13 19 1 7 3 1
1 13 7 19 7 5 3 1
"R" 1 4
20
1 10.000000 10.000000 0.840000 0.000000 0.000000 -1
1 10.000000 -9.749999 0.840000 0.000000 1.000000 -1
1 30.000000 10.000000 0.840000 1.000000 0.000000 -1
1 30.000000 -9.749999 0.840000 1.000000 1.000000 -1
1 30.000000 10.000000 0.840000 0.000000 0.000000 -1
1 30.000000 -9.749999 0.840000 0.000000 1.000000 -1
1 30.000000 10.000000 -0.040000 1.000000 0.000000 -1
1 30.000000 -9.749999 -0.040000 1.000000 1.000000 -1
1 30.000000 10.000000 -0.040000 0.000000 0.000000 -1
1 30.000000 -9.749999 -0.040000 0.000000 1.000000 -1
1 10.000000 10.000000 -0.040000 1.000000 0.000000 -1
1 10.000000 -9.749999 -0.040000 1.000000 1.000000 -1
1 10.000000 10.000000 -0.040000 0.000000 0.000000 -1
1 10.000000 -9.749999 -0.040000 0.000000 1.000000 -1
1 10.000000 10.000000 0.840000 1.000000 0.000000 -1
1 10.000000 -9.749999 0.840000 1.000000 1.000000 -1
1 10.000000 10.000000 0.840000 0.000000 1.000000 -1
1 30.000000 10.000000 0.840000 1.000000 1.000000 -1
1 10.000000 -9.749999 0.840000 0.000000 0.000000 -1
1 30.000000 -9.749999 0.840000 1.000000 0.000000 -1
8
-0.666667 0.666667 0.333333
-0.408248 -0.408248 0.816497
0.408248 0.408248 0.816497
0.666667 -0.666667 0.333333
0.666667 0.666667 -0.333333
0.408248 -0.408248 -0.816497
-0.408248 0.408248 -0.816497
-0.666667 -0.666667 -0.333333
12
1 0 1 2 0 1 2 1
1 1 3 2 1 3 2 1
1 4 5 6 2 3 4 1
1 5 7 6 3 5 4 1
1 8 9 10 4 5 6 1
1 9 11 10 5 7 6 1
1 12 13 14 6 7 0 1
1 13 15 14 7 1 0 1
1 12 16 6 6 0 4 1
1 16 17 6 0 2 4 1
1 18 13 19 1 7 3 1
1 13 7 19 7 5 3 1
"D" 1 6
20
1 -10.000000 -9.999999 0.840000 0.000000 0.000000 -1
1 -10.000000 -29.750002 0.840000 0.000000 1.000000 -1
1 10.000000 -9.999999 0.840000 1.000000 0.000000 -1
1 10.000000 -29.750002 0.840000 1.000000 1.000000 -1
1 10.000000 -9.999999 0.840000 0.000000 0.000000 -1
1 10.000000 -29.750002 0.840000 0.000000 1.000000 -1
1 10.000000 -9.999999 -0.040000 1.000000 0.000000 -1
1 10.000000 -29.750002 -0.040000 1.000000 1.000000 -1
1 10.000000 -9.999999 -0.040000 0.000000 0.000000 -1
1 10.000000 -29.750002 -0.040000 0.000000 1.000000 -1
1 -10.000000 -9.999999 -0.040000 1.000000 0.000000 -1
1 -10.000000 -29.750002 -0.040000 1.000000 1.000000 -1
1 -10.000000 -9.999999 -0.040000 0.000000 0.000000 -1
1 -10.000000 -29.750002 -0.040000 0.000000 1.000000 -1
1 -10.000000 -9.999999 0.840000 1.000000 0.000000 -1
1 -10.000000 -29.750002 0.840000 1.000000 1.000000 -1
1 -10.000000 -9.999999 0.840000 0.000000 1.000000 -1
1 10.000000 -9.999999 0.840000 1.000000 1.000000 -1
1 -10.000000 -29.750002 0.840000 0.000000 0.000000 -1
1 10.000000 -29.750002 0.840000 1.000000 0.000000 -1
8
-0.666667 0.666667 0.333333
-0.408248 -0.408248 0.816497
0.408248 0.408248 0.816497
0.666667 -0.666667 0.333333
0.666667 0.666667 -0.333333
0.408248 -0.408248 -0.816497
-0.408248 0.408248 -0.816497
-0.666667 -0.666667 -0.333333
12
1 0 1 2 0 1 2 1
1 1 3 2 1 3 2 1
1 4 5 6 2 3 4 1
1 5 7 6 3 5 4 1
1 8 9 10 4 5 6 1
1 9 11 10 5 7 6 1
1 12 13 14 6 7 0 1
1 13 15 14 7 1 0 1
1 12 16 6 6 0 4 1
1 16 17 6 0 2 4 1
1 18 13 19 1 7 3 1
1 13 7 19 7 5 3 1
"Duplicate03" 0 0
104
0 -30.000000 30.000000 -0.280000 0.000000 0.000000 -1
0 -30.000000 10.250000 -0.280000 0.000000 1.000000 -1
0 -10.000000 30.000000 -0.280000 1.000000 0.000000 -1
0 -10.000000 10.250000 -0.280000 1.000000 1.000000 -1
0 -10.000000 30.000000 -0.280000 0.000000 0.000000 -1
0 -10.000000 10.250000 -0.280000 0.000000 1.000000 -1
0 -10.000000 30.000000 -0.720000 1.000000 0.000000 -1
0 -10.000000 10.250000 -0.720000 1.000000 1.000000 -1
0 -10.000000 30.000000 -0.720000 0.000000 0.000000 -1
0 -10.000000 10.250000 -0.720000 0.000000 1.000000 -1
0 -30.000000 30.000000 -0.720000 1.000000 0.000000 -1
0 -30.000000 10.250000 -0.720000 1.000000 1.000000 -1
0 -30.000000 30.000000 -0.720000 0.000000 0.000000 -1
0 -30.000000 10.250000 -0.720000 0.000000 1.000000 -1
0 -30.000000 30.000000 -0.280000 1.000000 0.000000 -1
0 -30.000000 10.250000 -0.280000 1.000000 1.000000 -1
0 -30.000000 30.000000 -0.280000 0.000000 1.000000 -1
0 -10.000000 30.000000 -0.280000 1.000000 1.000000 -1
0 -30.000000 10.250000 -0.280000 0.000000 0.000000 -1
0 -10.000000 10.250000 -0.280000 1.000000 0.000000 -1
0 10.000000 30.000000 -0.280000 1.000000 0.000000 -1
0 10.000000 10.250000 -0.280000 1.000000 1.000000 -1
0 10.000000 30.000000 -0.280000 0.000000 0.000000 -1
0 10.000000 10.250000 -0.280000 0.000000 1.000000 -1
0 10.000000 30.000000 -0.720000 1.000000 0.000000 -1
0 10.000000 10.250000 -0.720000 1.000000 1.000000 -1
0 10.000000 30.000000 -0.720000 0.000000 0.000000 -1
0 10.000000 10.250000 -0.720000 0.000000 1.000000 -1
0 -10.000000 30.000000 -0.280000 0.000000 1.000000 -1
0 10.000000 30.000000 -0.280000 1.000000 1.000000 -1
0 -10.000000 10.250000 -0.280000 0.000000 0.000000 -1
0 10.000000 10.250000 -0.280000 1.000000 0.000000 -1
0 30.000000 30.000000 -0.280000 1.000000 0.000000 -1
0 30.000000 10.250000 -0.280000 1.000000 1.000000 -1
0 30.000000 30.000000 -0.280000 0.000000 0.000000 -1
0 30.000000 10.250000 -0.280000 0.000000 1.000000 -1
0 30.000000 30.000000 -0.720000 1.000000 0.000000 -1
0 30.000000 10.250000 -0.720000 1.000000 1.000000 -1
0 30.000000 30.000000 -0.720000 0.000000 0.000000 -1
0 30.000000 10.250000 -0.720000 0.000000 1.000000 -1
0 10.000000 30.000000 -0.280000 0.000000 1.000000 -1
0 30.000000 30.000000 -0.280000 1.000000 1.000000 -1
0 10.000000 10.250000 -0.280000 0.000000 0.000000 -1
0 30.000000 10.250000 -0.280000 1.000000 0.000000 -1
0 -30.000000 10.000000 -0.280000 0.000000 0.000000 -1
0 -30.000000 -9.749999 -0.280000 0.000000 1.000000 -1
0 -10.000000 10.000000 -0.280000 1.000000 0.000000 -1
0 -10.000000 -9.749999 -0.280000 1.000000 1.000000 -1
0 -10.000000 10.000000 -0.280000 0.000000 0.000000 -1
0 -10.000000 -9.749999 -0.280000 0.000000 1.000000 -1
0 -10.000000 10.000000 -0.720000 1.000000 0.000000 -1
0 -10.000000 -9.749999 -0.720000 1.000000 1.000000 -1
0 -10.000000 10.000000 -0.720000 0.000000 0.000000 -1
0 -10.000000 -9.749999 -0.720000 0.000000 1.000000 -1
0 -30.000000 10.000000 -0.720000 1.000000 0.000000 -1
0 -30.000000 -9.749999 -0.720000 1.000000 1.000000 -1
0 -30.000000 10.000000 -0.720000 0.000000 0.000000 -1
0 -30.000000 -9.749999 -0.720000 0.000000 1.000000 -1
0 -30.000000 10.000000 -0.280000 1.000000 0.000000 -1
0 -30.000000 -9.749999 -0.280000 1.000000 1.000000 -1
0 -30.000000 10.000000 -0.280000 0.000000 1.000000 -1
0 -10.000000 10.000000 -0.280000 1.000000 1.000000 -1
0 -30.000000 -9.749999 -0.280000 0.000000 0.000000 -1
0 -10.000000 -9.749999 -0.280000 1.000000 0.000000 -1
0 10.000000 10.000000 -0.280000 0.000000 0.000000 -1
0 10.000000 -9.749999 -0.280000 0.000000 1.000000 -1
0 30.000000 10.000000 -0.280000 1.000000 0.000000 -1
0 30.000000 -9.749999 -0.280000 1.000000 1.000000 -1
0 30.000000 10.000000 -0.280000 0.000000 0.000000 -1
0 30.000000 -9.749999 -0.280000 0.000000 1.000000 -1
0 30.000000 10.000000 -0.720000 1.000000 0.000000 -1
0 30.000000 -9.749999 -0.720000 1.000000 1.000000 -1
0 30.000000 10.000000 -0.720000 0.000000 0.000000 -1
0 30.000000 -9.749999 -0.720000 0.000000 1.000000 -1
0 10.000000 10.000000 -0.720000 1.000000 0.000000 -1
0 10.000000 -9.749999 -0.720000 1.000000 1.000000 -1
0 10.000000 10.000000 -0.720000 0.000000 0.000000 -1
0 10.000000 -9.749999 -0.720000 0.000000 1.000000 -1
0 10.000000 10.000000 -0.280000 1.000000 0.000000 -1
0 10.000000 -9.749999 -0.280000 1.000000 1.000000 -1
0 10.000000 10.000000 -0.280000 0.000000 1.000000 -1
0 30.000000 10.000000 -0.280000 1.000000 1.000000 -1
0 10.000000 -9.749999 -0.280000 0.000000 0.000000 -1
0 30.000000 -9.749999 -0.280000 1.000000 0.000000 -1
0 -10.000000 -9.999999 -0.280000 0.000000 0.000000 -1
0 -10.000000 -29.750002 -0.280000 0.000000 1.000000 -1
0 10.000000 -9.999999 -0.280000 1.000000 0.000000 -1
0 10.000000 -29.750002 -0.280000 1.000000 1.000000 -1
0 10.000000 -9.999999 -0.280000 0.000000 0.000000 -1
0 10.000000 -29.750002 -0.280000 0.000000 1.000000 -1
0 10.000000 -9.999999 -0.720000 1.000000 0.000000 -1
0 10.000000 -29.750002 -0.720000 1.000000 1.000000 -1
0 10.000000 -9.999999 -0.720000 0.000000 0.000000 -1
0 10.000000 -29.750002 -0.720000 0.000000 1.000000 -1
0 -10.000000 -9.999999 -0.720000 1.000000 0.000000 -1
0 -10.000000 -29.750002 -0.720000 1.000000 1.000000 -1
0 -10.000000 -9.999999 -0.720000 0.000000 0.000000 -1
0 -10.000000 -29.750002 -0.720000 0.000000 1.000000 -1
0 -10.000000 -9.999999 -0.280000 1.000000 0.000000 -1
0 -10.000000 -29.750002 -0.280000 1.000000 1.000000 -1
0 -10.000000 -9.999999 -0.280000 0.000000 1.000000 -1
0 10.000000 -9.999999 -0.280000 1.000000 1.000000 -1
0 -10.000000 -29.750002 -0.280000 0.000000 0.000000 -1
0 10.000000 -29.750002 -0.280000 1.000000 0.000000 -1
8
-0.666667 0.666667 0.333333
-0.408248 -0.408248 0.816497
0.408248 0.408248 0.816497
0.666667 -0.666667 0.333333
0.666667 0.666667 -0.333333
0.408248 -0.408248 -0.816497
-0.408248 0.408248 -0.816497
-0.666667 -0.666667 -0.333333
72
0 0 1 2 0 1 2 1
0 1 3 2 1 3 2 1
0 4 5 6 2 3 4 1
0 5 7 6 3 5 4 1
0 8 9 10 4 5 6 1
0 9 11 10 5 7 6 1
0 12 13 14 6 7 0 1
0 13 15 14 7 1 0 1
0 12 16 6 6 0 4 1
0 16 17 6 0 2 4 1
0 18 13 19 1 7 3 1
0 13 7 19 7 5 3 1
0 4 5 20 0 1 2 1
0 5 21 20 1 3 2 1
0 22 23 24 2 3 4 1
0 23 25 24 3 5 4 1
0 26 27 6 4 5 6 1
0 27 7 6 5 7 6 1
0 8 9 2 6 7 0 1
0 9 3 2 7 1 0 1
0 8 28 24 6 0 4 1
0 28 29 24 0 2 4 1
0 30 9 31 1 7 3 1
0 9 25 31 7 5 3 1
0 22 23 32 0 1 2 1
0 23 33 32 1 3 2 1
0 34 35 36 2 3 4 1
0 35 37 36 3 5 4 1
0 38 39 24 4 5 6 1
0 39 25 24 5 7 6 1
0 26 27 20 6 7 0 1
0 27 21 20 7 1 0 1
0 26 40 36 6 0 4 1
0 40 41 36 0 2 4 1
0 42 27 43 1 7 3 1
0 27 37 43 7 5 3 1
0 44 45 46 0 1 2 1
0 45 47 46 1 3 2 1
0 48 49 50 2 3 4 1
0 49 51 50 3 5 4 1
0 52 53 54 4 5 6 1
0 53 55 54 5 7 6 1
0 56 57 58 6 7 0 1
0 57 59 58 7 1 0 1
0 56 60 50 6 0 4 1
0 60 61 50 0 2 4 1
0 62 57 63 1 7 3 1
0 57 51 63 7 5 3 1
0 64 65 66 0 1 2 1
0 65 67 66 1 3 2 1
0 68 69 70 2 3 4 1
0 69 71 70 3 5 4 1
0 72 73 74 4 5 6 1
0 73 75 74 5 7 6 1
0 76 77 78 6 7 0 1
0 77 79 78 7 1 0 1
0 76 80 70 6 0 4 1
0 80 81 70 0 2 4 1
0 82 77 83 1 7 3 1
0 77 71 83 7 5 3 1
0 84 85 86 0 1 2 1
0 85 87 86 1 3 2 1
0 88 89 90 2 3 4 1
0 89 91 90 3 5 4 1
0 92 93 94 4 5 6 1
0 93 95 94 5 7 6 1
0 96 97 98 6 7 0 1
0 97 99 98 7 1 0 1
0 96 100 90 6 0 4 1
0 100 101 90 0 2 4 1
0 102 97 103 1 7 3 1
0 97 91 103 7 5 3 1
"Duplicate04" 0 0
30
0 -10.100003 10.000000 0.220000 0.000000 0.000000 -1
0 -10.100003 -9.749999 0.220000 0.000000 1.000000 -1
0 9.899997 10.000000 0.220000 1.000000 0.000000 -1
0 9.899997 -9.749999 0.220000 1.000000 1.000000 -1
0 9.899997 10.000000 -0.220000 0.000000 0.000000 -1
0 9.899997 -9.749999 -0.220000 0.000000 1.000000 -1
0 -10.100003 10.000000 -0.220000 1.000000 0.000000 -1
0 -10.100003 -9.749999 -0.220000 1.000000 1.000000 -1
0 -10.100003 10.000000 -0.220000 0.000000 0.000000 -1
0 -10.100003 -9.749999 -0.220000 0.000000 1.000000 -1
0 -10.100003 10.000000 0.220000 1.000000 0.000000 -1
0 -10.100003 -9.749999 0.220000 1.000000 1.000000 -1
0 -10.100003 -9.749999 0.220000 0.000000 0.000000 -1
0 9.899997 -9.749999 0.220000 1.000000 0.000000 -1
0 9.899997 -9.749999 -0.220000 1.000000 1.000000 -1
0 -10.100003 10.000000 -0.280000 0.000000 0.000000 -1
0 -10.100003 -9.749999 -0.280000 0.000000 1.000000 -1
0 9.899997 10.000000 -0.280000 1.000000 0.000000 -1
0 9.899997 -9.749999 -0.280000 1.000000 1.000000 -1
0 9.899997 10.000000 -0.720000 0.000000 0.000000 -1
0 9.899997 -9.749999 -0.720000 0.000000 1.000000 -1
0 -10.100003 10.000000 -0.720000 1.000000 0.000000 -1
0 -10.100003 -9.749999 -0.720000 1.000000 1.000000 -1
0 -10.100003 10.000000 -0.720000 0.000000 0.000000 -1
0 -10.100003 -9.749999 -0.720000 0.000000 1.000000 -1
0 -10.100003 10.000000 -0.280000 1.000000 0.000000 -1
0 -10.100003 -9.749999 -0.280000 1.000000 1.000000 -1
0 -10.100003 -9.749999 -0.280000 0.000000 0.000000 -1
0 9.899997 -9.749999 -0.280000 1.000000 0.000000 -1
0 9.899997 -9.749999 -0.720000 1.000000 1.000000 -1
8
-0.666667 0.666667 0.333333
-0.408248 -0.408248 0.816497
0.408248 0.408248 0.816497
0.666667 -0.666667 0.333333
0.666667 0.666667 -0.333333
0.408248 -0.408248 -0.816497
-0.408248 0.408248 -0.816497
-0.666667 -0.666667 -0.333333
16
0 0 1 2 0 1 2 1
0 1 3 2 1 3 2 1
0 4 5 6 4 5 6 1
0 5 7 6 5 7 6 1
0 8 9 10 6 7 0 1
0 9 11 10 7 1 0 1
0 12 9 13 1 7 3 1
0 9 14 13 7 5 3 1
0 15 16 17 0 1 2 1
0 16 18 17 1 3 2 1
0 19 20 21 4 5 6 1
0 20 22 21 5 7 6 1
0 23 24 25 6 7 0 1
0 24 26 25 7 1 0 1
0 27 24 28 1 7 3 1
0 24 29 28 7 5 3 1
"Duplicate05" 0 0
30
0 10.099997 -10.000001 0.220000 0.000000 0.000000 -1
0 10.099997 -29.750000 0.220000 0.000000 1.000000 -1
0 30.100000 -10.000001 0.220000 1.000000 0.000000 -1
0 30.100000 -29.750000 0.220000 1.000000 1.000000 -1
0 30.100000 -10.000001 -0.220000 0.000000 0.000000 -1
0 30.100000 -29.750000 -0.220000 0.000000 1.000000 -1
0 10.099997 -10.000001 -0.220000 1.000000 0.000000 -1
0 10.099997 -29.750000 -0.220000 1.000000 1.000000 -1
0 10.099997 -10.000001 -0.220000 0.000000 0.000000 -1
0 10.099997 -29.750000 -0.220000 0.000000 1.000000 -1
0 10.099997 -10.000001 0.220000 1.000000 0.000000 -1
0 10.099997 -29.750000 0.220000 1.000000 1.000000 -1
0 10.099997 -29.750000 0.220000 0.000000 0.000000 -1
0 30.100000 -29.750000 0.220000 1.000000 0.000000 -1
0 30.100000 -29.750000 -0.220000 1.000000 1.000000 -1
0 10.099997 -10.000001 -0.280000 0.000000 0.000000 -1
0 10.099997 -29.750000 -0.280000 0.000000 1.000000 -1
0 30.100000 -10.000001 -0.280000 1.000000 0.000000 -1
0 30.100000 -29.750000 -0.280000 1.000000 1.000000 -1
0 30.100000 -10.000001 -0.720000 0.000000 0.000000 -1
0 30.100000 -29.750000 -0.720000 0.000000 1.000000 -1
0 10.099997 -10.000001 -0.720000 1.000000 0.000000 -1
0 10.099997 -29.750000 -0.720000 1.000000 1.000000 -1
0 10.099997 -10.000001 -0.720000 0.000000 0.000000 -1
0 10.099997 -29.750000 -0.720000 0.000000 1.000000 -1
0 10.099997 -10.000001 -0.280000 1.000000 0.000000 -1
0 10.099997 -29.750000 -0.280000 1.000000 1.000000 -1
0 10.099997 -29.750000 -0.280000 0.000000 0.000000 -1
0 30.100000 -29.750000 -0.280000 1.000000 0.000000 -1
0 30.100000 -29.750000 -0.720000 1.000000 1.000000 -1
8
-0.666667 0.666667 0.333333
-0.408248 -0.408248 0.816497
0.408248 0.408248 0.816497
0.666667 -0.666667 0.333333
0.666667 0.666667 -0.333333
0.408248 -0.408248 -0.816497
-0.408248 0.408248 -0.816497
-0.666667 -0.666667 -0.333333
16
0 0 1 2 0 1 2 1
0 1 3 2 1 3 2 1
0 4 5 6 4 5 6 1
0 5 7 6 5 7 6 1
0 8 9 10 6 7 0 1
0 9 11 10 7 1 0 1
0 12 9 13 1 7 3 1
0 9 14 13 7 5 3 1
0 15 16 17 0 1 2 1
0 16 18 17 1 3 2 1
0 19 20 21 4 5 6 1
0 20 22 21 5 7 6 1
0 23 24 25 6 7 0 1
0 24 26 25 7 1 0 1
0 27 24 28 1 7 3 1
0 24 29 28 7 5 3 1
"Duplicate06" 0 0
30
0 -29.899998 -10.100001 0.220000 0.000000 0.000000 -1
0 -29.899998 -29.850000 0.220000 0.000000 1.000000 -1
0 -9.900000 -10.100001 0.220000 1.000000 0.000000 -1
0 -9.900000 -29.850000 0.220000 1.000000 1.000000 -1
0 -9.900000 -10.100001 -0.220000 0.000000 0.000000 -1
0 -9.900000 -29.850000 -0.220000 0.000000 1.000000 -1
0 -29.899998 -10.100001 -0.220000 1.000000 0.000000 -1
0 -29.899998 -29.850000 -0.220000 1.000000 1.000000 -1
0 -29.899998 -10.100001 -0.220000 0.000000 0.000000 -1
0 -29.899998 -29.850000 -0.220000 0.000000 1.000000 -1
0 -29.899998 -10.100001 0.220000 1.000000 0.000000 -1
0 -29.899998 -29.850000 0.220000 1.000000 1.000000 -1
0 -29.899998 -29.850000 0.220000 0.000000 0.000000 -1
0 -9.900000 -29.850000 0.220000 1.000000 0.000000 -1
0 -9.900000 -29.850000 -0.220000 1.000000 1.000000 -1
0 -29.899998 -10.100001 -0.280000 0.000000 0.000000 -1
0 -29.899998 -29.850000 -0.280000 0.000000 1.000000 -1
0 -9.900000 -10.100001 -0.280000 1.000000 0.000000 -1
0 -9.900000 -29.850000 -0.280000 1.000000 1.000000 -1
0 -9.900000 -10.100001 -0.720000 0.000000 0.000000 -1
0 -9.900000 -29.850000 -0.720000 0.000000 1.000000 -1
0 -29.899998 -10.100001 -0.720000 1.000000 0.000000 -1
0 -29.899998 -29.850000 -0.720000 1.000000 1.000000 -1
0 -29.899998 -10.100001 -0.720000 0.000000 0.000000 -1
0 -29.899998 -29.850000 -0.720000 0.000000 1.000000 -1
0 -29.899998 -10.100001 -0.280000 1.000000 0.000000 -1
0 -29.899998 -29.850000 -0.280000 1.000000 1.000000 -1
0 -29.899998 -29.850000 -0.280000 0.000000 0.000000 -1
0 -9.900000 -29.850000 -0.280000 1.000000 0.000000 -1
0 -9.900000 -29.850000 -0.720000 1.000000 1.000000 -1
8
-0.666667 0.666667 0.333333
-0.408248 -0.408248 0.816497
0.408248 0.408248 0.816497
0.666667 -0.666667 0.333333
0.666667 0.666667 -0.333333
0.408248 -0.408248 -0.816497
-0.408248 0.408248 -0.816497
-0.666667 -0.666667 -0.333333
16
0 0 1 2 0 1 2 1
0 1 3 2 1 3 2 1
0 4 5 6 4 5 6 1
0 5 7 6 5 7 6 1
0 8 9 10 6 7 0 1
0 9 11 10 7 1 0 1
0 12 9 13 1 7 3 1
0 9 14 13 7 5 3 1
0 15 16 17 0 1 2 1
0 16 18 17 1 3 2 1
0 19 20 21 4 5 6 1
0 20 22 21 5 7 6 1
0 23 24 25 6 7 0 1
0 24 26 25 7 1 0 1
0 27 24 28 1 7 3 1
0 24 29 28 7 5 3 1
