// MilkShape 3D ASCII

Frames: 30
Frame: 1

Meshes: 17
"UL" 2 2
20
2 -50.000000 30.000000 0.840000 0.000000 0.000000 -1
2 -50.000000 10.250000 0.840000 0.000000 1.000000 -1
2 -30.000000 30.000000 0.840000 1.000000 0.000000 -1
2 -30.000000 10.250000 0.840000 1.000000 1.000000 -1
2 -30.000000 30.000000 0.840000 0.000000 0.000000 -1
2 -30.000000 10.250000 0.840000 0.000000 1.000000 -1
2 -30.000000 30.000000 -0.040000 1.000000 0.000000 -1
2 -30.000000 10.250000 -0.040000 1.000000 1.000000 -1
2 -30.000000 30.000000 -0.040000 0.000000 0.000000 -1
2 -30.000000 10.250000 -0.040000 0.000000 1.000000 -1
2 -50.000000 30.000000 -0.040000 1.000000 0.000000 -1
2 -50.000000 10.250000 -0.040000 1.000000 1.000000 -1
2 -50.000000 30.000000 -0.040000 0.000000 0.000000 -1
2 -50.000000 10.250000 -0.040000 0.000000 1.000000 -1
2 -50.000000 30.000000 0.840000 1.000000 0.000000 -1
2 -50.000000 10.250000 0.840000 1.000000 1.000000 -1
2 -50.000000 30.000000 0.840000 0.000000 1.000000 -1
2 -30.000000 30.000000 0.840000 1.000000 1.000000 -1
2 -50.000000 10.250000 0.840000 0.000000 0.000000 -1
2 -30.000000 10.250000 0.840000 1.000000 0.000000 -1
8
-0.666667 0.666667 0.333333
-0.408248 -0.408248 0.816497
0.408248 0.408248 0.816497
0.666667 -0.666667 0.333333
0.666667 0.666667 -0.333333
0.408248 -0.408248 -0.816497
-0.408248 0.408248 -0.816497
-0.666667 -0.666667 -0.333333
12
2 0 1 2 0 1 2 1
2 1 3 2 1 3 2 1
2 4 5 6 2 3 4 1
2 5 7 6 3 5 4 1
2 8 9 10 4 5 6 1
2 9 11 10 5 7 6 1
2 12 13 14 6 7 0 1
2 13 15 14 7 1 0 1
2 12 16 6 6 0 4 1
2 16 17 6 0 2 4 1
2 18 13 19 1 7 3 1
2 13 7 19 7 5 3 1
"U" 1 3
20
1 -30.000000 30.000000 0.840000 0.000000 0.000000 -1
1 -30.000000 10.250000 0.840000 0.000000 1.000000 -1
1 -10.000000 30.000000 0.840000 1.000000 0.000000 -1
1 -10.000000 10.250000 0.840000 1.000000 1.000000 -1
1 -10.000000 30.000000 0.840000 0.000000 0.000000 -1
1 -10.000000 10.250000 0.840000 0.000000 1.000000 -1
1 -10.000000 30.000000 -0.040000 1.000000 0.000000 -1
1 -10.000000 10.250000 -0.040000 1.000000 1.000000 -1
1 -10.000000 30.000000 -0.040000 0.000000 0.000000 -1
1 -10.000000 10.250000 -0.040000 0.000000 1.000000 -1
1 -30.000000 30.000000 -0.040000 1.000000 0.000000 -1
1 -30.000000 10.250000 -0.040000 1.000000 1.000000 -1
1 -30.000000 30.000000 -0.040000 0.000000 0.000000 -1
1 -30.000000 10.250000 -0.040000 0.000000 1.000000 -1
1 -30.000000 30.000000 0.840000 1.000000 0.000000 -1
1 -30.000000 10.250000 0.840000 1.000000 1.000000 -1
1 -30.000000 30.000000 0.840000 0.000000 1.000000 -1
1 -10.000000 30.000000 0.840000 1.000000 1.000000 -1
1 -30.000000 10.250000 0.840000 0.000000 0.000000 -1
1 -10.000000 10.250000 0.840000 1.000000 0.000000 -1
8
-0.666667 0.666667 0.333333
-0.408248 -0.408248 0.816497
0.408248 0.408248 0.816497
0.666667 -0.666667 0.333333
0.666667 0.666667 -0.333333
0.408248 -0.408248 -0.816497
-0.408248 0.408248 -0.816497
-0.666667 -0.666667 -0.333333
12
1 0 1 2 0 1 2 1
1 1 3 2 1 3 2 1
1 4 5 6 2 3 4 1
1 5 7 6 3 5 4 1
1 8 9 10 4 5 6 1
1 9 11 10 5 7 6 1
1 12 13 14 6 7 0 1
1 13 15 14 7 1 0 1
1 12 16 6 6 0 4 1
1 16 17 6 0 2 4 1
1 18 13 19 1 7 3 1
1 13 7 19 7 5 3 1
"UR" 2 1
20
2 -10.000000 30.000000 0.840000 0.000000 0.000000 -1
2 -10.000000 10.250000 0.840000 0.000000 1.000000 -1
2 10.000000 30.000000 0.840000 1.000000 0.000000 -1
2 10.000000 10.250000 0.840000 1.000000 1.000000 -1
2 10.000000 30.000000 0.840000 0.000000 0.000000 -1
2 10.000000 10.250000 0.840000 0.000000 1.000000 -1
2 10.000000 30.000000 -0.040000 1.000000 0.000000 -1
2 10.000000 10.250000 -0.040000 1.000000 1.000000 -1
2 10.000000 30.000000 -0.040000 0.000000 0.000000 -1
2 10.000000 10.250000 -0.040000 0.000000 1.000000 -1
2 -10.000000 30.000000 -0.040000 1.000000 0.000000 -1
2 -10.000000 10.250000 -0.040000 1.000000 1.000000 -1
2 -10.000000 30.000000 -0.040000 0.000000 0.000000 -1
2 -10.000000 10.250000 -0.040000 0.000000 1.000000 -1
2 -10.000000 30.000000 0.840000 1.000000 0.000000 -1
2 -10.000000 10.250000 0.840000 1.000000 1.000000 -1
2 -10.000000 30.000000 0.840000 0.000000 1.000000 -1
2 10.000000 30.000000 0.840000 1.000000 1.000000 -1
2 -10.000000 10.250000 0.840000 0.000000 0.000000 -1
2 10.000000 10.250000 0.840000 1.000000 0.000000 -1
8
-0.666667 0.666667 0.333333
-0.408248 -0.408248 0.816497
0.408248 0.408248 0.816497
0.666667 -0.666667 0.333333
0.666667 0.666667 -0.333333
0.408248 -0.408248 -0.816497
-0.408248 0.408248 -0.816497
-0.666667 -0.666667 -0.333333
12
2 0 1 2 0 1 2 1
2 1 3 2 1 3 2 1
2 4 5 6 2 3 4 1
2 5 7 6 3 5 4 1
2 8 9 10 4 5 6 1
2 9 11 10 5 7 6 1
2 12 13 14 6 7 0 1
2 13 15 14 7 1 0 1
2 12 16 6 6 0 4 1
2 16 17 6 0 2 4 1
2 18 13 19 1 7 3 1
2 13 7 19 7 5 3 1
"L" 1 5
20
1 -50.000000 10.000000 0.840000 0.000000 0.000000 -1
1 -50.000000 -9.749999 0.840000 0.000000 1.000000 -1
1 -30.000000 10.000000 0.840000 1.000000 0.000000 -1
1 -30.000000 -9.749999 0.840000 1.000000 1.000000 -1
1 -30.000000 10.000000 0.840000 0.000000 0.000000 -1
1 -30.000000 -9.749999 0.840000 0.000000 1.000000 -1
1 -30.000000 10.000000 -0.040000 1.000000 0.000000 -1
1 -30.000000 -9.749999 -0.040000 1.000000 1.000000 -1
1 -30.000000 10.000000 -0.040000 0.000000 0.000000 -1
1 -30.000000 -9.749999 -0.040000 0.000000 1.000000 -1
1 -50.000000 10.000000 -0.040000 1.000000 0.000000 -1
1 -50.000000 -9.749999 -0.040000 1.000000 1.000000 -1
1 -50.000000 10.000000 -0.040000 0.000000 0.000000 -1
1 -50.000000 -9.749999 -0.040000 0.000000 1.000000 -1
1 -50.000000 10.000000 0.840000 1.000000 0.000000 -1
1 -50.000000 -9.749999 0.840000 1.000000 1.000000 -1
1 -50.000000 10.000000 0.840000 0.000000 1.000000 -1
1 -30.000000 10.000000 0.840000 1.000000 1.000000 -1
1 -50.000000 -9.749999 0.840000 0.000000 0.000000 -1
1 -30.000000 -9.749999 0.840000 1.000000 0.000000 -1
8
-0.666667 0.666667 0.333333
-0.408248 -0.408248 0.816497
0.408248 0.408248 0.816497
0.666667 -0.666667 0.333333
0.666667 0.666667 -0.333333
0.408248 -0.408248 -0.816497
-0.408248 0.408248 -0.816497
-0.666667 -0.666667 -0.333333
12
1 0 1 2 0 1 2 1
1 1 3 2 1 3 2 1
1 4 5 6 2 3 4 1
1 5 7 6 3 5 4 1
1 8 9 10 4 5 6 1
1 9 11 10 5 7 6 1
1 12 13 14 6 7 0 1
1 13 15 14 7 1 0 1
1 12 16 6 6 0 4 1
1 16 17 6 0 2 4 1
1 18 13 19 1 7 3 1
1 13 7 19 7 5 3 1
"R" 1 4
20
1 -10.000000 10.000000 0.840000 0.000000 0.000000 -1
1 -10.000000 -9.749999 0.840000 0.000000 1.000000 -1
1 10.000000 10.000000 0.840000 1.000000 0.000000 -1
1 10.000000 -9.749999 0.840000 1.000000 1.000000 -1
1 10.000000 10.000000 0.840000 0.000000 0.000000 -1
1 10.000000 -9.749999 0.840000 0.000000 1.000000 -1
1 10.000000 10.000000 -0.040000 1.000000 0.000000 -1
1 10.000000 -9.749999 -0.040000 1.000000 1.000000 -1
1 10.000000 10.000000 -0.040000 0.000000 0.000000 -1
1 10.000000 -9.749999 -0.040000 0.000000 1.000000 -1
1 -10.000000 10.000000 -0.040000 1.000000 0.000000 -1
1 -10.000000 -9.749999 -0.040000 1.000000 1.000000 -1
1 -10.000000 10.000000 -0.040000 0.000000 0.000000 -1
1 -10.000000 -9.749999 -0.040000 0.000000 1.000000 -1
1 -10.000000 10.000000 0.840000 1.000000 0.000000 -1
1 -10.000000 -9.749999 0.840000 1.000000 1.000000 -1
1 -10.000000 10.000000 0.840000 0.000000 1.000000 -1
1 10.000000 10.000000 0.840000 1.000000 1.000000 -1
1 -10.000000 -9.749999 0.840000 0.000000 0.000000 -1
1 10.000000 -9.749999 0.840000 1.000000 0.000000 -1
8
-0.666667 0.666667 0.333333
-0.408248 -0.408248 0.816497
0.408248 0.408248 0.816497
0.666667 -0.666667 0.333333
0.666667 0.666667 -0.333333
0.408248 -0.408248 -0.816497
-0.408248 0.408248 -0.816497
-0.666667 -0.666667 -0.333333
12
1 0 1 2 0 1 2 1
1 1 3 2 1 3 2 1
1 4 5 6 2 3 4 1
1 5 7 6 3 5 4 1
1 8 9 10 4 5 6 1
1 9 11 10 5 7 6 1
1 12 13 14 6 7 0 1
1 13 15 14 7 1 0 1
1 12 16 6 6 0 4 1
1 16 17 6 0 2 4 1
1 18 13 19 1 7 3 1
1 13 7 19 7 5 3 1
"D" 1 6
20
1 -30.000000 -9.999999 0.840000 0.000000 0.000000 -1
1 -30.000000 -29.750002 0.840000 0.000000 1.000000 -1
1 -10.000000 -9.999999 0.840000 1.000000 0.000000 -1
1 -10.000000 -29.750002 0.840000 1.000000 1.000000 -1
1 -10.000000 -9.999999 0.840000 0.000000 0.000000 -1
1 -10.000000 -29.750002 0.840000 0.000000 1.000000 -1
1 -10.000000 -9.999999 -0.040000 1.000000 0.000000 -1
1 -10.000000 -29.750002 -0.040000 1.000000 1.000000 -1
1 -10.000000 -9.999999 -0.040000 0.000000 0.000000 -1
1 -10.000000 -29.750002 -0.040000 0.000000 1.000000 -1
1 -30.000000 -9.999999 -0.040000 1.000000 0.000000 -1
1 -30.000000 -29.750002 -0.040000 1.000000 1.000000 -1
1 -30.000000 -9.999999 -0.040000 0.000000 0.000000 -1
1 -30.000000 -29.750002 -0.040000 0.000000 1.000000 -1
1 -30.000000 -9.999999 0.840000 1.000000 0.000000 -1
1 -30.000000 -29.750002 0.840000 1.000000 1.000000 -1
1 -30.000000 -9.999999 0.840000 0.000000 1.000000 -1
1 -10.000000 -9.999999 0.840000 1.000000 1.000000 -1
1 -30.000000 -29.750002 0.840000 0.000000 0.000000 -1
1 -10.000000 -29.750002 0.840000 1.000000 0.000000 -1
8
-0.666667 0.666667 0.333333
-0.408248 -0.408248 0.816497
0.408248 0.408248 0.816497
0.666667 -0.666667 0.333333
0.666667 0.666667 -0.333333
0.408248 -0.408248 -0.816497
-0.408248 0.408248 -0.816497
-0.666667 -0.666667 -0.333333
12
1 0 1 2 0 1 2 1
1 1 3 2 1 3 2 1
1 4 5 6 2 3 4 1
1 5 7 6 3 5 4 1
1 8 9 10 4 5 6 1
1 9 11 10 5 7 6 1
1 12 13 14 6 7 0 1
1 13 15 14 7 1 0 1
1 12 16 6 6 0 4 1
1 16 17 6 0 2 4 1
1 18 13 19 1 7 3 1
1 13 7 19 7 5 3 1
"Duplicate03" 1 0
104
1 -50.000000 30.000000 -0.280000 0.000000 0.000000 -1
1 -50.000000 10.250000 -0.280000 0.000000 1.000000 -1
1 -30.000000 30.000000 -0.280000 1.000000 0.000000 -1
1 -30.000000 10.250000 -0.280000 1.000000 1.000000 -1
1 -30.000000 30.000000 -0.280000 0.000000 0.000000 -1
1 -30.000000 10.250000 -0.280000 0.000000 1.000000 -1
1 -30.000000 30.000000 -0.720000 1.000000 0.000000 -1
1 -30.000000 10.250000 -0.720000 1.000000 1.000000 -1
1 -30.000000 30.000000 -0.720000 0.000000 0.000000 -1
1 -30.000000 10.250000 -0.720000 0.000000 1.000000 -1
1 -50.000000 30.000000 -0.720000 1.000000 0.000000 -1
1 -50.000000 10.250000 -0.720000 1.000000 1.000000 -1
1 -50.000000 30.000000 -0.720000 0.000000 0.000000 -1
1 -50.000000 10.250000 -0.720000 0.000000 1.000000 -1
1 -50.000000 30.000000 -0.280000 1.000000 0.000000 -1
1 -50.000000 10.250000 -0.280000 1.000000 1.000000 -1
1 -50.000000 30.000000 -0.280000 0.000000 1.000000 -1
1 -30.000000 30.000000 -0.280000 1.000000 1.000000 -1
1 -50.000000 10.250000 -0.280000 0.000000 0.000000 -1
1 -30.000000 10.250000 -0.280000 1.000000 0.000000 -1
1 -10.000000 30.000000 -0.280000 1.000000 0.000000 -1
1 -10.000000 10.250000 -0.280000 1.000000 1.000000 -1
1 -10.000000 30.000000 -0.280000 0.000000 0.000000 -1
1 -10.000000 10.250000 -0.280000 0.000000 1.000000 -1
1 -10.000000 30.000000 -0.720000 1.000000 0.000000 -1
1 -10.000000 10.250000 -0.720000 1.000000 1.000000 -1
1 -10.000000 30.000000 -0.720000 0.000000 0.000000 -1
1 -10.000000 10.250000 -0.720000 0.000000 1.000000 -1
1 -30.000000 30.000000 -0.280000 0.000000 1.000000 -1
1 -10.000000 30.000000 -0.280000 1.000000 1.000000 -1
1 -30.000000 10.250000 -0.280000 0.000000 0.000000 -1
1 -10.000000 10.250000 -0.280000 1.000000 0.000000 -1
1 10.000000 30.000000 -0.280000 1.000000 0.000000 -1
1 10.000000 10.250000 -0.280000 1.000000 1.000000 -1
1 10.000000 30.000000 -0.280000 0.000000 0.000000 -1
1 10.000000 10.250000 -0.280000 0.000000 1.000000 -1
1 10.000000 30.000000 -0.720000 1.000000 0.000000 -1
1 10.000000 10.250000 -0.720000 1.000000 1.000000 -1
1 10.000000 30.000000 -0.720000 0.000000 0.000000 -1
1 10.000000 10.250000 -0.720000 0.000000 1.000000 -1
1 -10.000000 30.000000 -0.280000 0.000000 1.000000 -1
1 10.000000 30.000000 -0.280000 1.000000 1.000000 -1
1 -10.000000 10.250000 -0.280000 0.000000 0.000000 -1
1 10.000000 10.250000 -0.280000 1.000000 0.000000 -1
1 -50.000000 10.000000 -0.280000 0.000000 0.000000 -1
1 -50.000000 -9.749999 -0.280000 0.000000 1.000000 -1
1 -30.000000 10.000000 -0.280000 1.000000 0.000000 -1
1 -30.000000 -9.749999 -0.280000 1.000000 1.000000 -1
1 -30.000000 10.000000 -0.280000 0.000000 0.000000 -1
1 -30.000000 -9.749999 -0.280000 0.000000 1.000000 -1
1 -30.000000 10.000000 -0.720000 1.000000 0.000000 -1
1 -30.000000 -9.749999 -0.720000 1.000000 1.000000 -1
1 -30.000000 10.000000 -0.720000 0.000000 0.000000 -1
1 -30.000000 -9.749999 -0.720000 0.000000 1.000000 -1
1 -50.000000 10.000000 -0.720000 1.000000 0.000000 -1
1 -50.000000 -9.749999 -0.720000 1.000000 1.000000 -1
1 -50.000000 10.000000 -0.720000 0.000000 0.000000 -1
1 -50.000000 -9.749999 -0.720000 0.000000 1.000000 -1
1 -50.000000 10.000000 -0.280000 1.000000 0.000000 -1
1 -50.000000 -9.749999 -0.280000 1.000000 1.000000 -1
1 -50.000000 10.000000 -0.280000 0.000000 1.000000 -1
1 -30.000000 10.000000 -0.280000 1.000000 1.000000 -1
1 -50.000000 -9.749999 -0.280000 0.000000 0.000000 -1
1 -30.000000 -9.749999 -0.280000 1.000000 0.000000 -1
1 -10.000000 10.000000 -0.280000 0.000000 0.000000 -1
1 -10.000000 -9.749999 -0.280000 0.000000 1.000000 -1
1 10.000000 10.000000 -0.280000 1.000000 0.000000 -1
1 10.000000 -9.749999 -0.280000 1.000000 1.000000 -1
1 10.000000 10.000000 -0.280000 0.000000 0.000000 -1
1 10.000000 -9.749999 -0.280000 0.000000 1.000000 -1
1 10.000000 10.000000 -0.720000 1.000000 0.000000 -1
1 10.000000 -9.749999 -0.720000 1.000000 1.000000 -1
1 10.000000 10.000000 -0.720000 0.000000 0.000000 -1
1 10.000000 -9.749999 -0.720000 0.000000 1.000000 -1
1 -10.000000 10.000000 -0.720000 1.000000 0.000000 -1
1 -10.000000 -9.749999 -0.720000 1.000000 1.000000 -1
1 -10.000000 10.000000 -0.720000 0.000000 0.000000 -1
1 -10.000000 -9.749999 -0.720000 0.000000 1.000000 -1
1 -10.000000 10.000000 -0.280000 1.000000 0.000000 -1
1 -10.000000 -9.749999 -0.280000 1.000000 1.000000 -1
1 -10.000000 10.000000 -0.280000 0.000000 1.000000 -1
1 10.000000 10.000000 -0.280000 1.000000 1.000000 -1
1 -10.000000 -9.749999 -0.280000 0.000000 0.000000 -1
1 10.000000 -9.749999 -0.280000 1.000000 0.000000 -1
1 -30.000000 -9.999999 -0.280000 0.000000 0.000000 -1
1 -30.000000 -29.750002 -0.280000 0.000000 1.000000 -1
1 -10.000000 -9.999999 -0.280000 1.000000 0.000000 -1
1 -10.000000 -29.750002 -0.280000 1.000000 1.000000 -1
1 -10.000000 -9.999999 -0.280000 0.000000 0.000000 -1
1 -10.000000 -29.750002 -0.280000 0.000000 1.000000 -1
1 -10.000000 -9.999999 -0.720000 1.000000 0.000000 -1
1 -10.000000 -29.750002 -0.720000 1.000000 1.000000 -1
1 -10.000000 -9.999999 -0.720000 0.000000 0.000000 -1
1 -10.000000 -29.750002 -0.720000 0.000000 1.000000 -1
1 -30.000000 -9.999999 -0.720000 1.000000 0.000000 -1
1 -30.000000 -29.750002 -0.720000 1.000000 1.000000 -1
1 -30.000000 -9.999999 -0.720000 0.000000 0.000000 -1
1 -30.000000 -29.750002 -0.720000 0.000000 1.000000 -1
1 -30.000000 -9.999999 -0.280000 1.000000 0.000000 -1
1 -30.000000 -29.750002 -0.280000 1.000000 1.000000 -1
1 -30.000000 -9.999999 -0.280000 0.000000 1.000000 -1
1 -10.000000 -9.999999 -0.280000 1.000000 1.000000 -1
1 -30.000000 -29.750002 -0.280000 0.000000 0.000000 -1
1 -10.000000 -29.750002 -0.280000 1.000000 0.000000 -1
8
-0.666667 0.666667 0.333333
-0.408248 -0.408248 0.816497
0.408248 0.408248 0.816497
0.666667 -0.666667 0.333333
0.666667 0.666667 -0.333333
0.408248 -0.408248 -0.816497
-0.408248 0.408248 -0.816497
-0.666667 -0.666667 -0.333333
72
1 0 1 2 0 1 2 1
1 1 3 2 1 3 2 1
1 4 5 6 2 3 4 1
1 5 7 6 3 5 4 1
1 8 9 10 4 5 6 1
1 9 11 10 5 7 6 1
1 12 13 14 6 7 0 1
1 13 15 14 7 1 0 1
1 12 16 6 6 0 4 1
1 16 17 6 0 2 4 1
1 18 13 19 1 7 3 1
1 13 7 19 7 5 3 1
1 4 5 20 0 1 2 1
1 5 21 20 1 3 2 1
1 22 23 24 2 3 4 1
1 23 25 24 3 5 4 1
1 26 27 6 4 5 6 1
1 27 7 6 5 7 6 1
1 8 9 2 6 7 0 1
1 9 3 2 7 1 0 1
1 8 28 24 6 0 4 1
1 28 29 24 0 2 4 1
1 30 9 31 1 7 3 1
1 9 25 31 7 5 3 1
1 22 23 32 0 1 2 1
1 23 33 32 1 3 2 1
1 34 35 36 2 3 4 1
1 35 37 36 3 5 4 1
1 38 39 24 4 5 6 1
1 39 25 24 5 7 6 1
1 26 27 20 6 7 0 1
1 27 21 20 7 1 0 1
1 26 40 36 6 0 4 1
1 40 41 36 0 2 4 1
1 42 27 43 1 7 3 1
1 27 37 43 7 5 3 1
1 44 45 46 0 1 2 1
1 45 47 46 1 3 2 1
1 48 49 50 2 3 4 1
1 49 51 50 3 5 4 1
1 52 53 54 4 5 6 1
1 53 55 54 5 7 6 1
1 56 57 58 6 7 0 1
1 57 59 58 7 1 0 1
1 56 60 50 6 0 4 1
1 60 61 50 0 2 4 1
1 62 57 63 1 7 3 1
1 57 51 63 7 5 3 1
1 64 65 66 0 1 2 1
1 65 67 66 1 3 2 1
1 68 69 70 2 3 4 1
1 69 71 70 3 5 4 1
1 72 73 74 4 5 6 1
1 73 75 74 5 7 6 1
1 76 77 78 6 7 0 1
1 77 79 78 7 1 0 1
1 76 80 70 6 0 4 1
1 80 81 70 0 2 4 1
1 82 77 83 1 7 3 1
1 77 71 83 7 5 3 1
1 84 85 86 0 1 2 1
1 85 87 86 1 3 2 1
1 88 89 90 2 3 4 1
1 89 91 90 3 5 4 1
1 92 93 94 4 5 6 1
1 93 95 94 5 7 6 1
1 96 97 98 6 7 0 1
1 97 99 98 7 1 0 1
1 96 100 90 6 0 4 1
1 100 101 90 0 2 4 1
1 102 97 103 1 7 3 1
1 97 91 103 7 5 3 1
"Duplicate04" 1 0
30
1 -30.100002 10.000000 0.220000 0.000000 0.000000 -1
1 -30.100002 -9.749999 0.220000 0.000000 1.000000 -1
1 -10.100003 10.000000 0.220000 1.000000 0.000000 -1
1 -10.100003 -9.749999 0.220000 1.000000 1.000000 -1
1 -10.100003 10.000000 -0.220000 0.000000 0.000000 -1
1 -10.100003 -9.749999 -0.220000 0.000000 1.000000 -1
1 -30.100002 10.000000 -0.220000 1.000000 0.000000 -1
1 -30.100002 -9.749999 -0.220000 1.000000 1.000000 -1
1 -30.100002 10.000000 -0.220000 0.000000 0.000000 -1
1 -30.100002 -9.749999 -0.220000 0.000000 1.000000 -1
1 -30.100002 10.000000 0.220000 1.000000 0.000000 -1
1 -30.100002 -9.749999 0.220000 1.000000 1.000000 -1
1 -30.100002 -9.749999 0.220000 0.000000 0.000000 -1
1 -10.100003 -9.749999 0.220000 1.000000 0.000000 -1
1 -10.100003 -9.749999 -0.220000 1.000000 1.000000 -1
1 -30.100002 10.000000 -0.280000 0.000000 0.000000 -1
1 -30.100002 -9.749999 -0.280000 0.000000 1.000000 -1
1 -10.100003 10.000000 -0.280000 1.000000 0.000000 -1
1 -10.100003 -9.749999 -0.280000 1.000000 1.000000 -1
1 -10.100003 10.000000 -0.720000 0.000000 0.000000 -1
1 -10.100003 -9.749999 -0.720000 0.000000 1.000000 -1
1 -30.100002 10.000000 -0.720000 1.000000 0.000000 -1
1 -30.100002 -9.749999 -0.720000 1.000000 1.000000 -1
1 -30.100002 10.000000 -0.720000 0.000000 0.000000 -1
1 -30.100002 -9.749999 -0.720000 0.000000 1.000000 -1
1 -30.100002 10.000000 -0.280000 1.000000 0.000000 -1
1 -30.100002 -9.749999 -0.280000 1.000000 1.000000 -1
1 -30.100002 -9.749999 -0.280000 0.000000 0.000000 -1
1 -10.100003 -9.749999 -0.280000 1.000000 0.000000 -1
1 -10.100003 -9.749999 -0.720000 1.000000 1.000000 -1
8
-0.666667 0.666667 0.333333
-0.408248 -0.408248 0.816497
0.408248 0.408248 0.816497
0.666667 -0.666667 0.333333
0.666667 0.666667 -0.333333
0.408248 -0.408248 -0.816497
-0.408248 0.408248 -0.816497
-0.666667 -0.666667 -0.333333
16
1 0 1 2 0 1 2 1
1 1 3 2 1 3 2 1
1 4 5 6 4 5 6 1
1 5 7 6 5 7 6 1
1 8 9 10 6 7 0 1
1 9 11 10 7 1 0 1
1 12 9 13 1 7 3 1
1 9 14 13 7 5 3 1
1 15 16 17 0 1 2 1
1 16 18 17 1 3 2 1
1 19 20 21 4 5 6 1
1 20 22 21 5 7 6 1
1 23 24 25 6 7 0 1
1 24 26 25 7 1 0 1
1 27 24 28 1 7 3 1
1 24 29 28 7 5 3 1
"Duplicate05" 1 0
30
1 -9.900003 -10.000001 0.220000 0.000000 0.000000 -1
1 -9.900003 -29.750000 0.220000 0.000000 1.000000 -1
1 10.100000 -10.000001 0.220000 1.000000 0.000000 -1
1 10.100000 -29.750000 0.220000 1.000000 1.000000 -1
1 10.100000 -10.000001 -0.220000 0.000000 0.000000 -1
1 10.100000 -29.750000 -0.220000 0.000000 1.000000 -1
1 -9.900003 -10.000001 -0.220000 1.000000 0.000000 -1
1 -9.900003 -29.750000 -0.220000 1.000000 1.000000 -1
1 -9.900003 -10.000001 -0.220000 0.000000 0.000000 -1
1 -9.900003 -29.750000 -0.220000 0.000000 1.000000 -1
1 -9.900003 -10.000001 0.220000 1.000000 0.000000 -1
1 -9.900003 -29.750000 0.220000 1.000000 1.000000 -1
1 -9.900003 -29.750000 0.220000 0.000000 0.000000 -1
1 10.100000 -29.750000 0.220000 1.000000 0.000000 -1
1 10.100000 -29.750000 -0.220000 1.000000 1.000000 -1
1 -9.900003 -10.000001 -0.280000 0.000000 0.000000 -1
1 -9.900003 -29.750000 -0.280000 0.000000 1.000000 -1
1 10.100000 -10.000001 -0.280000 1.000000 0.000000 -1
1 10.100000 -29.750000 -0.280000 1.000000 1.000000 -1
1 10.100000 -10.000001 -0.720000 0.000000 0.000000 -1
1 10.100000 -29.750000 -0.720000 0.000000 1.000000 -1
1 -9.900003 -10.000001 -0.720000 1.000000 0.000000 -1
1 -9.900003 -29.750000 -0.720000 1.000000 1.000000 -1
1 -9.900003 -10.000001 -0.720000 0.000000 0.000000 -1
1 -9.900003 -29.750000 -0.720000 0.000000 1.000000 -1
1 -9.900003 -10.000001 -0.280000 1.000000 0.000000 -1
1 -9.900003 -29.750000 -0.280000 1.000000 1.000000 -1
1 -9.900003 -29.750000 -0.280000 0.000000 0.000000 -1
1 10.100000 -29.750000 -0.280000 1.000000 0.000000 -1
1 10.100000 -29.750000 -0.720000 1.000000 1.000000 -1
8
-0.666667 0.666667 0.333333
-0.408248 -0.408248 0.816497
0.408248 0.408248 0.816497
0.666667 -0.666667 0.333333
0.666667 0.666667 -0.333333
0.408248 -0.408248 -0.816497
-0.408248 0.408248 -0.816497
-0.666667 -0.666667 -0.333333
16
1 0 1 2 0 1 2 1
1 1 3 2 1 3 2 1
1 4 5 6 4 5 6 1
1 5 7 6 5 7 6 1
1 8 9 10 6 7 0 1
1 9 11 10 7 1 0 1
1 12 9 13 1 7 3 1
1 9 14 13 7 5 3 1
1 15 16 17 0 1 2 1
1 16 18 17 1 3 2 1
1 19 20 21 4 5 6 1
1 20 22 21 5 7 6 1
1 23 24 25 6 7 0 1
1 24 26 25 7 1 0 1
1 27 24 28 1 7 3 1
1 24 29 28 7 5 3 1
"Duplicate06" 1 0
30
1 -49.899998 -10.100001 0.220000 0.000000 0.000000 -1
1 -49.899998 -29.850000 0.220000 0.000000 1.000000 -1
1 -29.900000 -10.100001 0.220000 1.000000 0.000000 -1
1 -29.900000 -29.850000 0.220000 1.000000 1.000000 -1
1 -29.900000 -10.100001 -0.220000 0.000000 0.000000 -1
1 -29.900000 -29.850000 -0.220000 0.000000 1.000000 -1
1 -49.899998 -10.100001 -0.220000 1.000000 0.000000 -1
1 -49.899998 -29.850000 -0.220000 1.000000 1.000000 -1
1 -49.899998 -10.100001 -0.220000 0.000000 0.000000 -1
1 -49.899998 -29.850000 -0.220000 0.000000 1.000000 -1
1 -49.899998 -10.100001 0.220000 1.000000 0.000000 -1
1 -49.899998 -29.850000 0.220000 1.000000 1.000000 -1
1 -49.899998 -29.850000 0.220000 0.000000 0.000000 -1
1 -29.900000 -29.850000 0.220000 1.000000 0.000000 -1
1 -29.900000 -29.850000 -0.220000 1.000000 1.000000 -1
1 -49.899998 -10.100001 -0.280000 0.000000 0.000000 -1
1 -49.899998 -29.850000 -0.280000 0.000000 1.000000 -1
1 -29.900000 -10.100001 -0.280000 1.000000 0.000000 -1
1 -29.900000 -29.850000 -0.280000 1.000000 1.000000 -1
1 -29.900000 -10.100001 -0.720000 0.000000 0.000000 -1
1 -29.900000 -29.850000 -0.720000 0.000000 1.000000 -1
1 -49.899998 -10.100001 -0.720000 1.000000 0.000000 -1
1 -49.899998 -29.850000 -0.720000 1.000000 1.000000 -1
1 -49.899998 -10.100001 -0.720000 0.000000 0.000000 -1
1 -49.899998 -29.850000 -0.720000 0.000000 1.000000 -1
1 -49.899998 -10.100001 -0.280000 1.000000 0.000000 -1
1 -49.899998 -29.850000 -0.280000 1.000000 1.000000 -1
1 -49.899998 -29.850000 -0.280000 0.000000 0.000000 -1
1 -29.900000 -29.850000 -0.280000 1.000000 0.000000 -1
1 -29.900000 -29.850000 -0.720000 1.000000 1.000000 -1
8
-0.666667 0.666667 0.333333
-0.408248 -0.408248 0.816497
0.408248 0.408248 0.816497
0.666667 -0.666667 0.333333
0.666667 0.666667 -0.333333
0.408248 -0.408248 -0.816497
-0.408248 0.408248 -0.816497
-0.666667 -0.666667 -0.333333
16
1 0 1 2 0 1 2 1
1 1 3 2 1 3 2 1
1 4 5 6 4 5 6 1
1 5 7 6 5 7 6 1
1 8 9 10 6 7 0 1
1 9 11 10 7 1 0 1
1 12 9 13 1 7 3 1
1 9 14 13 7 5 3 1
1 15 16 17 0 1 2 1
1 16 18 17 1 3 2 1
1 19 20 21 4 5 6 1
1 20 22 21 5 7 6 1
1 23 24 25 6 7 0 1
1 24 26 25 7 1 0 1
1 27 24 28 1 7 3 1
1 24 29 28 7 5 3 1
"BASE2" 0 0
214
0 10.000000 -9.999999 -19.260000 0.000000 0.000000 -1
0 10.000000 -29.750002 -19.260000 0.000000 1.000000 -1
0 30.000000 -9.999999 -19.260000 1.000000 0.000000 -1
0 30.000000 -29.750002 -19.260000 1.000000 1.000000 -1
0 30.000000 -9.999999 -19.260000 0.000000 0.000000 -1
0 30.000000 -29.750002 -19.260000 0.000000 1.000000 -1
0 30.000000 -9.999999 -20.140001 1.000000 0.000000 -1
0 30.000000 -29.750002 -20.140001 1.000000 1.000000 -1
0 30.000000 -9.999999 -20.140001 0.000000 0.000000 -1
0 30.000000 -29.750002 -20.140001 0.000000 1.000000 -1
0 10.000000 -9.999999 -20.140001 1.000000 0.000000 -1
0 10.000000 -29.750002 -20.140001 1.000000 1.000000 -1
0 10.000000 -9.999999 -20.140001 0.000000 0.000000 -1
0 10.000000 -29.750002 -20.140001 0.000000 1.000000 -1
0 10.000000 -9.999999 -19.260000 1.000000 0.000000 -1
0 10.000000 -29.750002 -19.260000 1.000000 1.000000 -1
0 10.000000 -9.999999 -19.260000 0.000000 1.000000 -1
0 30.000000 -9.999999 -19.260000 1.000000 1.000000 -1
0 10.000000 -29.750002 -19.260000 0.000000 0.000000 -1
0 30.000000 -29.750002 -19.260000 1.000000 0.000000 -1
0 -10.000002 30.000000 -20.380001 0.000000 0.000000 -1
0 -10.000002 10.250000 -20.380001 0.000000 1.000000 -1
0 10.000000 30.000000 -20.380001 1.000000 0.000000 -1
0 10.000000 10.250000 -20.380001 1.000000 1.000000 -1
0 10.000000 30.000000 -20.380001 0.000000 0.000000 -1
0 10.000000 10.250000 -20.380001 0.000000 1.000000 -1
0 10.000000 30.000000 -20.820000 1.000000 0.000000 -1
0 10.000000 10.250000 -20.820000 1.000000 1.000000 -1
0 10.000000 30.000000 -20.820000 0.000000 0.000000 -1
0 10.000000 10.250000 -20.820000 0.000000 1.000000 -1
0 -10.000002 30.000000 -20.820000 1.000000 0.000000 -1
0 -10.000002 10.250000 -20.820000 1.000000 1.000000 -1
0 -10.000002 30.000000 -20.820000 0.000000 0.000000 -1
0 -10.000002 10.250000 -20.820000 0.000000 1.000000 -1
0 -10.000002 30.000000 -20.380001 1.000000 0.000000 -1
0 -10.000002 10.250000 -20.380001 1.000000 1.000000 -1
0 -10.000002 30.000000 -20.380001 0.000000 1.000000 -1
0 10.000000 30.000000 -20.380001 1.000000 1.000000 -1
0 -10.000002 10.250000 -20.380001 0.000000 0.000000 -1
0 10.000000 10.250000 -20.380001 1.000000 0.000000 -1
0 30.000000 30.000000 -20.380001 1.000000 0.000000 -1
0 30.000000 10.250000 -20.380001 1.000000 1.000000 -1
0 30.000000 30.000000 -20.380001 0.000000 0.000000 -1
0 30.000000 10.250000 -20.380001 0.000000 1.000000 -1
0 30.000000 30.000000 -20.820000 1.000000 0.000000 -1
0 30.000000 10.250000 -20.820000 1.000000 1.000000 -1
0 30.000000 30.000000 -20.820000 0.000000 0.000000 -1
0 30.000000 10.250000 -20.820000 0.000000 1.000000 -1
0 10.000000 30.000000 -20.380001 0.000000 1.000000 -1
0 30.000000 30.000000 -20.380001 1.000000 1.000000 -1
0 10.000000 10.250000 -20.380001 0.000000 0.000000 -1
0 30.000000 10.250000 -20.380001 1.000000 0.000000 -1
0 50.000000 30.000000 -20.380001 1.000000 0.000000 -1
0 50.000000 10.250000 -20.380001 1.000000 1.000000 -1
0 50.000000 30.000000 -20.380001 0.000000 0.000000 -1
0 50.000000 10.250000 -20.380001 0.000000 1.000000 -1
0 50.000000 30.000000 -20.820000 1.000000 0.000000 -1
0 50.000000 10.250000 -20.820000 1.000000 1.000000 -1
0 50.000000 30.000000 -20.820000 0.000000 0.000000 -1
0 50.000000 10.250000 -20.820000 0.000000 1.000000 -1
0 30.000000 30.000000 -20.380001 0.000000 1.000000 -1
0 50.000000 30.000000 -20.380001 1.000000 1.000000 -1
0 30.000000 10.250000 -20.380001 0.000000 0.000000 -1
0 50.000000 10.250000 -20.380001 1.000000 0.000000 -1
0 -10.000002 10.000000 -20.380001 0.000000 0.000000 -1
0 -10.000002 -9.749999 -20.380001 0.000000 1.000000 -1
0 10.000000 10.000000 -20.380001 1.000000 0.000000 -1
0 10.000000 -9.749999 -20.380001 1.000000 1.000000 -1
0 10.000000 10.000000 -20.380001 0.000000 0.000000 -1
0 10.000000 -9.749999 -20.380001 0.000000 1.000000 -1
0 10.000000 10.000000 -20.820000 1.000000 0.000000 -1
0 10.000000 -9.749999 -20.820000 1.000000 1.000000 -1
0 10.000000 10.000000 -20.820000 0.000000 0.000000 -1
0 10.000000 -9.749999 -20.820000 0.000000 1.000000 -1
0 -10.000002 10.000000 -20.820000 1.000000 0.000000 -1
0 -10.000002 -9.749999 -20.820000 1.000000 1.000000 -1
0 -10.000002 10.000000 -20.820000 0.000000 0.000000 -1
0 -10.000002 -9.749999 -20.820000 0.000000 1.000000 -1
0 -10.000002 10.000000 -20.380001 1.000000 0.000000 -1
0 -10.000002 -9.749999 -20.380001 1.000000 1.000000 -1
0 -10.000002 10.000000 -20.380001 0.000000 1.000000 -1
0 10.000000 10.000000 -20.380001 1.000000 1.000000 -1
0 -10.000002 -9.749999 -20.380001 0.000000 0.000000 -1
0 10.000000 -9.749999 -20.380001 1.000000 0.000000 -1
0 30.000000 10.000000 -20.380001 0.000000 0.000000 -1
0 30.000000 -9.749999 -20.380001 0.000000 1.000000 -1
0 50.000000 10.000000 -20.380001 1.000000 0.000000 -1
0 50.000000 -9.749999 -20.380001 1.000000 1.000000 -1
0 50.000000 10.000000 -20.380001 0.000000 0.000000 -1
0 50.000000 -9.749999 -20.380001 0.000000 1.000000 -1
0 50.000000 10.000000 -20.820000 1.000000 0.000000 -1
0 50.000000 -9.749999 -20.820000 1.000000 1.000000 -1
0 50.000000 10.000000 -20.820000 0.000000 0.000000 -1
0 50.000000 -9.749999 -20.820000 0.000000 1.000000 -1
0 30.000000 10.000000 -20.820000 1.000000 0.000000 -1
0 30.000000 -9.749999 -20.820000 1.000000 1.000000 -1
0 30.000000 10.000000 -20.820000 0.000000 0.000000 -1
0 30.000000 -9.749999 -20.820000 0.000000 1.000000 -1
0 30.000000 10.000000 -20.380001 1.000000 0.000000 -1
0 30.000000 -9.749999 -20.380001 1.000000 1.000000 -1
0 30.000000 10.000000 -20.380001 0.000000 1.000000 -1
0 50.000000 10.000000 -20.380001 1.000000 1.000000 -1
0 30.000000 -9.749999 -20.380001 0.000000 0.000000 -1
0 50.000000 -9.749999 -20.380001 1.000000 0.000000 -1
0 10.000000 -9.999999 -20.380001 0.000000 0.000000 -1
0 10.000000 -29.750002 -20.380001 0.000000 1.000000 -1
0 30.000000 -9.999999 -20.380001 1.000000 0.000000 -1
0 30.000000 -29.750002 -20.380001 1.000000 1.000000 -1
0 30.000000 -9.999999 -20.380001 0.000000 0.000000 -1
0 30.000000 -29.750002 -20.380001 0.000000 1.000000 -1
0 30.000000 -9.999999 -20.820000 1.000000 0.000000 -1
0 30.000000 -29.750002 -20.820000 1.000000 1.000000 -1
0 30.000000 -9.999999 -20.820000 0.000000 0.000000 -1
0 30.000000 -29.750002 -20.820000 0.000000 1.000000 -1
0 10.000000 -9.999999 -20.820000 1.000000 0.000000 -1
0 10.000000 -29.750002 -20.820000 1.000000 1.000000 -1
0 10.000000 -9.999999 -20.820000 0.000000 0.000000 -1
0 10.000000 -29.750002 -20.820000 0.000000 1.000000 -1
0 10.000000 -9.999999 -20.380001 1.000000 0.000000 -1
0 10.000000 -29.750002 -20.380001 1.000000 1.000000 -1
0 10.000000 -9.999999 -20.380001 0.000000 1.000000 -1
0 30.000000 -9.999999 -20.380001 1.000000 1.000000 -1
0 10.000000 -29.750002 -20.380001 0.000000 0.000000 -1
0 30.000000 -29.750002 -20.380001 1.000000 0.000000 -1
0 9.899997 10.000000 -19.880001 0.000000 0.000000 -1
0 9.899997 -9.749999 -19.880001 0.000000 1.000000 -1
0 29.899998 10.000000 -19.880001 1.000000 0.000000 -1
0 29.899998 -9.749999 -19.880001 1.000000 1.000000 -1
0 29.899998 10.000000 -20.320000 0.000000 0.000000 -1
0 29.899998 -9.749999 -20.320000 0.000000 1.000000 -1
0 9.899997 10.000000 -20.320000 1.000000 0.000000 -1
0 9.899997 -9.749999 -20.320000 1.000000 1.000000 -1
0 9.899997 10.000000 -20.320000 0.000000 0.000000 -1
0 9.899997 -9.749999 -20.320000 0.000000 1.000000 -1
0 9.899997 10.000000 -19.880001 1.000000 0.000000 -1
0 9.899997 -9.749999 -19.880001 1.000000 1.000000 -1
0 9.899997 -9.749999 -19.880001 0.000000 0.000000 -1
0 29.899998 -9.749999 -19.880001 1.000000 0.000000 -1
0 29.899998 -9.749999 -20.320000 1.000000 1.000000 -1
0 9.899997 10.000000 -20.380001 0.000000 0.000000 -1
0 9.899997 -9.749999 -20.380001 0.000000 1.000000 -1
0 29.899998 10.000000 -20.380001 1.000000 0.000000 -1
0 29.899998 -9.749999 -20.380001 1.000000 1.000000 -1
0 29.899998 10.000000 -20.820000 0.000000 0.000000 -1
0 29.899998 -9.749999 -20.820000 0.000000 1.000000 -1
0 9.899997 10.000000 -20.820000 1.000000 0.000000 -1
0 9.899997 -9.749999 -20.820000 1.000000 1.000000 -1
0 9.899997 10.000000 -20.820000 0.000000 0.000000 -1
0 9.899997 -9.749999 -20.820000 0.000000 1.000000 -1
0 9.899997 10.000000 -20.380001 1.000000 0.000000 -1
0 9.899997 -9.749999 -20.380001 1.000000 1.000000 -1
0 9.899997 -9.749999 -20.380001 0.000000 0.000000 -1
0 29.899998 -9.749999 -20.380001 1.000000 0.000000 -1
0 29.899998 -9.749999 -20.820000 1.000000 1.000000 -1
0 30.099997 -10.000001 -19.880001 0.000000 0.000000 -1
0 30.099997 -29.750000 -19.880001 0.000000 1.000000 -1
0 50.099998 -10.000001 -19.880001 1.000000 0.000000 -1
0 50.099998 -29.750000 -19.880001 1.000000 1.000000 -1
0 50.099998 -10.000001 -20.320000 0.000000 0.000000 -1
0 50.099998 -29.750000 -20.320000 0.000000 1.000000 -1
0 30.099997 -10.000001 -20.320000 1.000000 0.000000 -1
0 30.099997 -29.750000 -20.320000 1.000000 1.000000 -1
0 30.099997 -10.000001 -20.320000 0.000000 0.000000 -1
0 30.099997 -29.750000 -20.320000 0.000000 1.000000 -1
0 30.099997 -10.000001 -19.880001 1.000000 0.000000 -1
0 30.099997 -29.750000 -19.880001 1.000000 1.000000 -1
0 30.099997 -29.750000 -19.880001 0.000000 0.000000 -1
0 50.099998 -29.750000 -19.880001 1.000000 0.000000 -1
0 50.099998 -29.750000 -20.320000 1.000000 1.000000 -1
0 30.099997 -10.000001 -20.380001 0.000000 0.000000 -1
0 30.099997 -29.750000 -20.380001 0.000000 1.000000 -1
0 50.099998 -10.000001 -20.380001 1.000000 0.000000 -1
0 50.099998 -29.750000 -20.380001 1.000000 1.000000 -1
0 50.099998 -10.000001 -20.820000 0.000000 0.000000 -1
0 50.099998 -29.750000 -20.820000 0.000000 1.000000 -1
0 30.099997 -10.000001 -20.820000 1.000000 0.000000 -1
0 30.099997 -29.750000 -20.820000 1.000000 1.000000 -1
0 30.099997 -10.000001 -20.820000 0.000000 0.000000 -1
0 30.099997 -29.750000 -20.820000 0.000000 1.000000 -1
0 30.099997 -10.000001 -20.380001 1.000000 0.000000 -1
0 30.099997 -29.750000 -20.380001 1.000000 1.000000 -1
0 30.099997 -29.750000 -20.380001 0.000000 0.000000 -1
0 50.099998 -29.750000 -20.380001 1.000000 0.000000 -1
0 50.099998 -29.750000 -20.820000 1.000000 1.000000 -1
0 -9.900000 -10.100001 -19.880001 0.000000 0.000000 -1
0 -9.900000 -29.850000 -19.880001 0.000000 1.000000 -1
0 10.100000 -10.100001 -19.880001 1.000000 0.000000 -1
0 10.100000 -29.850000 -19.880001 1.000000 1.000000 -1
0 10.100000 -10.100001 -20.320000 0.000000 0.000000 -1
0 10.100000 -29.850000 -20.320000 0.000000 1.000000 -1
0 -9.900000 -10.100001 -20.320000 1.000000 0.000000 -1
0 -9.900000 -29.850000 -20.320000 1.000000 1.000000 -1
0 -9.900000 -10.100001 -20.320000 0.000000 0.000000 -1
0 -9.900000 -29.850000 -20.320000 0.000000 1.000000 -1
0 -9.900000 -10.100001 -19.880001 1.000000 0.000000 -1
0 -9.900000 -29.850000 -19.880001 1.000000 1.000000 -1
0 -9.900000 -29.850000 -19.880001 0.000000 0.000000 -1
0 10.100000 -29.850000 -19.880001 1.000000 0.000000 -1
0 10.100000 -29.850000 -20.320000 1.000000 1.000000 -1
0 -9.900000 -10.100001 -20.380001 0.000000 0.000000 -1
0 -9.900000 -29.850000 -20.380001 0.000000 1.000000 -1
0 10.100000 -10.100001 -20.380001 1.000000 0.000000 -1
0 10.100000 -29.850000 -20.380001 1.000000 1.000000 -1
0 10.100000 -10.100001 -20.820000 0.000000 0.000000 -1
0 10.100000 -29.850000 -20.820000 0.000000 1.000000 -1
0 -9.900000 -10.100001 -20.820000 1.000000 0.000000 -1
0 -9.900000 -29.850000 -20.820000 1.000000 1.000000 -1
0 -9.900000 -10.100001 -20.820000 0.000000 0.000000 -1
0 -9.900000 -29.850000 -20.820000 0.000000 1.000000 -1
0 -9.900000 -10.100001 -20.380001 1.000000 0.000000 -1
0 -9.900000 -29.850000 -20.380001 1.000000 1.000000 -1
0 -9.900000 -29.850000 -20.380001 0.000000 0.000000 -1
0 10.100000 -29.850000 -20.380001 1.000000 0.000000 -1
0 10.100000 -29.850000 -20.820000 1.000000 1.000000 -1
8
-0.666667 0.666667 0.333333
-0.408248 -0.408248 0.816497
0.408248 0.408248 0.816497
0.666667 -0.666667 0.333333
0.666667 0.666667 -0.333333
0.408248 -0.408248 -0.816497
-0.408248 0.408248 -0.816497
-0.666667 -0.666667 -0.333333
132
0 0 1 2 0 1 2 1
0 1 3 2 1 3 2 1
0 4 5 6 2 3 4 1
0 5 7 6 3 5 4 1
0 8 9 10 4 5 6 1
0 9 11 10 5 7 6 1
0 12 13 14 6 7 0 1
0 13 15 14 7 1 0 1
0 12 16 6 6 0 4 1
0 16 17 6 0 2 4 1
0 18 13 19 1 7 3 1
0 13 7 19 7 5 3 1
0 20 21 22 0 1 2 1
0 21 23 22 1 3 2 1
0 24 25 26 2 3 4 1
0 25 27 26 3 5 4 1
0 28 29 30 4 5 6 1
0 29 31 30 5 7 6 1
0 32 33 34 6 7 0 1
0 33 35 34 7 1 0 1
0 32 36 26 6 0 4 1
0 36 37 26 0 2 4 1
0 38 33 39 1 7 3 1
0 33 27 39 7 5 3 1
0 24 25 40 0 1 2 1
0 25 41 40 1 3 2 1
0 42 43 44 2 3 4 1
0 43 45 44 3 5 4 1
0 46 47 26 4 5 6 1
0 47 27 26 5 7 6 1
0 28 29 22 6 7 0 1
0 29 23 22 7 1 0 1
0 28 48 44 6 0 4 1
0 48 49 44 0 2 4 1
0 50 29 51 1 7 3 1
0 29 45 51 7 5 3 1
0 42 43 52 0 1 2 1
0 43 53 52 1 3 2 1
0 54 55 56 2 3 4 1
0 55 57 56 3 5 4 1
0 58 59 44 4 5 6 1
0 59 45 44 5 7 6 1
0 46 47 40 6 7 0 1
0 47 41 40 7 1 0 1
0 46 60 56 6 0 4 1
0 60 61 56 0 2 4 1
0 62 47 63 1 7 3 1
0 47 57 63 7 5 3 1
0 64 65 66 0 1 2 1
0 65 67 66 1 3 2 1
0 68 69 70 2 3 4 1
0 69 71 70 3 5 4 1
0 72 73 74 4 5 6 1
0 73 75 74 5 7 6 1
0 76 77 78 6 7 0 1
0 77 79 78 7 1 0 1
0 76 80 70 6 0 4 1
0 80 81 70 0 2 4 1
0 82 77 83 1 7 3 1
0 77 71 83 7 5 3 1
0 84 85 86 0 1 2 1
0 85 87 86 1 3 2 1
0 88 89 90 2 3 4 1
0 89 91 90 3 5 4 1
0 92 93 94 4 5 6 1
0 93 95 94 5 7 6 1
0 96 97 98 6 7 0 1
0 97 99 98 7 1 0 1
0 96 100 90 6 0 4 1
0 100 101 90 0 2 4 1
0 102 97 103 1 7 3 1
0 97 91 103 7 5 3 1
0 104 105 106 0 1 2 1
0 105 107 106 1 3 2 1
0 108 109 110 2 3 4 1
0 109 111 110 3 5 4 1
0 112 113 114 4 5 6 1
0 113 115 114 5 7 6 1
0 116 117 118 6 7 0 1
0 117 119 118 7 1 0 1
0 116 120 110 6 0 4 1
0 120 121 110 0 2 4 1
0 122 117 123 1 7 3 1
0 117 111 123 7 5 3 1
0 124 125 126 0 1 2 1
0 125 127 126 1 3 2 1
0 128 129 130 4 5 6 1
0 129 131 130 5 7 6 1
0 132 133 134 6 7 0 1
0 133 135 134 7 1 0 1
0 136 133 137 1 7 3 1
0 133 138 137 7 5 3 1
0 139 140 141 0 1 2 1
0 140 142 141 1 3 2 1
0 143 144 145 4 5 6 1
0 144 146 145 5 7 6 1
0 147 148 149 6 7 0 1
0 148 150 149 7 1 0 1
0 151 148 152 1 7 3 1
0 148 153 152 7 5 3 1
0 154 155 156 0 1 2 1
0 155 157 156 1 3 2 1
0 158 159 160 4 5 6 1
0 159 161 160 5 7 6 1
0 162 163 164 6 7 0 1
0 163 165 164 7 1 0 1
0 166 163 167 1 7 3 1
0 163 168 167 7 5 3 1
0 169 170 171 0 1 2 1
0 170 172 171 1 3 2 1
0 173 174 175 4 5 6 1
0 174 176 175 5 7 6 1
0 177 178 179 6 7 0 1
0 178 180 179 7 1 0 1
0 181 178 182 1 7 3 1
0 178 183 182 7 5 3 1
0 184 185 186 0 1 2 1
0 185 187 186 1 3 2 1
0 188 189 190 4 5 6 1
0 189 191 190 5 7 6 1
0 192 193 194 6 7 0 1
0 193 195 194 7 1 0 1
0 196 193 197 1 7 3 1
0 193 198 197 7 5 3 1
0 199 200 201 0 1 2 1
0 200 202 201 1 3 2 1
0 203 204 205 4 5 6 1
0 204 206 205 5 7 6 1
0 207 208 209 6 7 0 1
0 208 210 209 7 1 0 1
0 211 208 212 1 7 3 1
0 208 213 212 7 5 3 1
"UL2" 2 2
20
2 -10.000000 30.000000 -19.160000 0.000000 0.000000 -1
2 -10.000000 10.250000 -19.160000 0.000000 1.000000 -1
2 10.000000 30.000000 -19.160000 1.000000 0.000000 -1
2 10.000000 10.250000 -19.160000 1.000000 1.000000 -1
2 10.000000 30.000000 -19.160000 0.000000 0.000000 -1
2 10.000000 10.250000 -19.160000 0.000000 1.000000 -1
2 10.000000 30.000000 -20.040001 1.000000 0.000000 -1
2 10.000000 10.250000 -20.040001 1.000000 1.000000 -1
2 10.000000 30.000000 -20.040001 0.000000 0.000000 -1
2 10.000000 10.250000 -20.040001 0.000000 1.000000 -1
2 -10.000000 30.000000 -20.040001 1.000000 0.000000 -1
2 -10.000000 10.250000 -20.040001 1.000000 1.000000 -1
2 -10.000000 30.000000 -20.040001 0.000000 0.000000 -1
2 -10.000000 10.250000 -20.040001 0.000000 1.000000 -1
2 -10.000000 30.000000 -19.160000 1.000000 0.000000 -1
2 -10.000000 10.250000 -19.160000 1.000000 1.000000 -1
2 -10.000000 30.000000 -19.160000 0.000000 1.000000 -1
2 10.000000 30.000000 -19.160000 1.000000 1.000000 -1
2 -10.000000 10.250000 -19.160000 0.000000 0.000000 -1
2 10.000000 10.250000 -19.160000 1.000000 0.000000 -1
8
-0.666667 0.666667 0.333333
-0.408248 -0.408248 0.816497
0.408248 0.408248 0.816497
0.666667 -0.666667 0.333333
0.666667 0.666667 -0.333333
0.408248 -0.408248 -0.816497
-0.408248 0.408248 -0.816497
-0.666667 -0.666667 -0.333333
12
2 0 1 2 0 1 2 1
2 1 3 2 1 3 2 1
2 4 5 6 2 3 4 1
2 5 7 6 3 5 4 1
2 8 9 10 4 5 6 1
2 9 11 10 5 7 6 1
2 12 13 14 6 7 0 1
2 13 15 14 7 1 0 1
2 12 16 6 6 0 4 1
2 16 17 6 0 2 4 1
2 18 13 19 1 7 3 1
2 13 7 19 7 5 3 1
"U2" 0 3
20
0 10.000000 30.000000 -19.160000 0.000000 0.000000 -1
0 10.000000 10.250000 -19.160000 0.000000 1.000000 -1
0 30.000000 30.000000 -19.160000 1.000000 0.000000 -1
0 30.000000 10.250000 -19.160000 1.000000 1.000000 -1
0 30.000000 30.000000 -19.160000 0.000000 0.000000 -1
0 30.000000 10.250000 -19.160000 0.000000 1.000000 -1
0 30.000000 30.000000 -20.040001 1.000000 0.000000 -1
0 30.000000 10.250000 -20.040001 1.000000 1.000000 -1
0 30.000000 30.000000 -20.040001 0.000000 0.000000 -1
0 30.000000 10.250000 -20.040001 0.000000 1.000000 -1
0 10.000000 30.000000 -20.040001 1.000000 0.000000 -1
0 10.000000 10.250000 -20.040001 1.000000 1.000000 -1
0 10.000000 30.000000 -20.040001 0.000000 0.000000 -1
0 10.000000 10.250000 -20.040001 0.000000 1.000000 -1
0 10.000000 30.000000 -19.160000 1.000000 0.000000 -1
0 10.000000 10.250000 -19.160000 1.000000 1.000000 -1
0 10.000000 30.000000 -19.160000 0.000000 1.000000 -1
0 30.000000 30.000000 -19.160000 1.000000 1.000000 -1
0 10.000000 10.250000 -19.160000 0.000000 0.000000 -1
0 30.000000 10.250000 -19.160000 1.000000 0.000000 -1
8
-0.666667 0.666667 0.333333
-0.408248 -0.408248 0.816497
0.408248 0.408248 0.816497
0.666667 -0.666667 0.333333
0.666667 0.666667 -0.333333
0.408248 -0.408248 -0.816497
-0.408248 0.408248 -0.816497
-0.666667 -0.666667 -0.333333
12
0 0 1 2 0 1 2 1
0 1 3 2 1 3 2 1
0 4 5 6 2 3 4 1
0 5 7 6 3 5 4 1
0 8 9 10 4 5 6 1
0 9 11 10 5 7 6 1
0 12 13 14 6 7 0 1
0 13 15 14 7 1 0 1
0 12 16 6 6 0 4 1
0 16 17 6 0 2 4 1
0 18 13 19 1 7 3 1
0 13 7 19 7 5 3 1
"UR2" 2 1
20
2 30.000000 30.000000 -19.160000 0.000000 0.000000 -1
2 30.000000 10.250000 -19.160000 0.000000 1.000000 -1
2 50.000000 30.000000 -19.160000 1.000000 0.000000 -1
2 50.000000 10.250000 -19.160000 1.000000 1.000000 -1
2 50.000000 30.000000 -19.160000 0.000000 0.000000 -1
2 50.000000 10.250000 -19.160000 0.000000 1.000000 -1
2 50.000000 30.000000 -20.040001 1.000000 0.000000 -1
2 50.000000 10.250000 -20.040001 1.000000 1.000000 -1
2 50.000000 30.000000 -20.040001 0.000000 0.000000 -1
2 50.000000 10.250000 -20.040001 0.000000 1.000000 -1
2 30.000000 30.000000 -20.040001 1.000000 0.000000 -1
2 30.000000 10.250000 -20.040001 1.000000 1.000000 -1
2 30.000000 30.000000 -20.040001 0.000000 0.000000 -1
2 30.000000 10.250000 -20.040001 0.000000 1.000000 -1
2 30.000000 30.000000 -19.160000 1.000000 0.000000 -1
2 30.000000 10.250000 -19.160000 1.000000 1.000000 -1
2 30.000000 30.000000 -19.160000 0.000000 1.000000 -1
2 50.000000 30.000000 -19.160000 1.000000 1.000000 -1
2 30.000000 10.250000 -19.160000 0.000000 0.000000 -1
2 50.000000 10.250000 -19.160000 1.000000 0.000000 -1
8
-0.666667 0.666667 0.333333
-0.408248 -0.408248 0.816497
0.408248 0.408248 0.816497
0.666667 -0.666667 0.333333
0.666667 0.666667 -0.333333
0.408248 -0.408248 -0.816497
-0.408248 0.408248 -0.816497
-0.666667 -0.666667 -0.333333
12
2 0 1 2 0 1 2 1
2 1 3 2 1 3 2 1
2 4 5 6 2 3 4 1
2 5 7 6 3 5 4 1
2 8 9 10 4 5 6 1
2 9 11 10 5 7 6 1
2 12 13 14 6 7 0 1
2 13 15 14 7 1 0 1
2 12 16 6 6 0 4 1
2 16 17 6 0 2 4 1
2 18 13 19 1 7 3 1
2 13 7 19 7 5 3 1
"L2" 0 5
20
0 -10.000000 10.000000 -19.160000 0.000000 0.000000 -1
0 -10.000000 -9.749999 -19.160000 0.000000 1.000000 -1
0 10.000000 10.000000 -19.160000 1.000000 0.000000 -1
0 10.000000 -9.749999 -19.160000 1.000000 1.000000 -1
0 10.000000 10.000000 -19.160000 0.000000 0.000000 -1
0 10.000000 -9.749999 -19.160000 0.000000 1.000000 -1
0 10.000000 10.000000 -20.040001 1.000000 0.000000 -1
0 10.000000 -9.749999 -20.040001 1.000000 1.000000 -1
0 10.000000 10.000000 -20.040001 0.000000 0.000000 -1
0 10.000000 -9.749999 -20.040001 0.000000 1.000000 -1
0 -10.000000 10.000000 -20.040001 1.000000 0.000000 -1
0 -10.000000 -9.749999 -20.040001 1.000000 1.000000 -1
0 -10.000000 10.000000 -20.040001 0.000000 0.000000 -1
0 -10.000000 -9.749999 -20.040001 0.000000 1.000000 -1
0 -10.000000 10.000000 -19.160000 1.000000 0.000000 -1
0 -10.000000 -9.749999 -19.160000 1.000000 1.000000 -1
0 -10.000000 10.000000 -19.160000 0.000000 1.000000 -1
0 10.000000 10.000000 -19.160000 1.000000 1.000000 -1
0 -10.000000 -9.749999 -19.160000 0.000000 0.000000 -1
0 10.000000 -9.749999 -19.160000 1.000000 0.000000 -1
8
-0.666667 0.666667 0.333333
-0.408248 -0.408248 0.816497
0.408248 0.408248 0.816497
0.666667 -0.666667 0.333333
0.666667 0.666667 -0.333333
0.408248 -0.408248 -0.816497
-0.408248 0.408248 -0.816497
-0.666667 -0.666667 -0.333333
12
0 0 1 2 0 1 2 1
0 1 3 2 1 3 2 1
0 4 5 6 2 3 4 1
0 5 7 6 3 5 4 1
0 8 9 10 4 5 6 1
0 9 11 10 5 7 6 1
0 12 13 14 6 7 0 1
0 13 15 14 7 1 0 1
0 12 16 6 6 0 4 1
0 16 17 6 0 2 4 1
0 18 13 19 1 7 3 1
0 13 7 19 7 5 3 1
"R2" 0 4
20
0 30.000000 10.000000 -19.160000 0.000000 0.000000 -1
0 30.000000 -9.749999 -19.160000 0.000000 1.000000 -1
0 50.000000 10.000000 -19.160000 1.000000 0.000000 -1
0 50.000000 -9.749999 -19.160000 1.000000 1.000000 -1
0 50.000000 10.000000 -19.160000 0.000000 0.000000 -1
0 50.000000 -9.749999 -19.160000 0.000000 1.000000 -1
0 50.000000 10.000000 -20.040001 1.000000 0.000000 -1
0 50.000000 -9.749999 -20.040001 1.000000 1.000000 -1
0 50.000000 10.000000 -20.040001 0.000000 0.000000 -1
0 50.000000 -9.749999 -20.040001 0.000000 1.000000 -1
0 30.000000 10.000000 -20.040001 1.000000 0.000000 -1
0 30.000000 -9.749999 -20.040001 1.000000 1.000000 -1
0 30.000000 10.000000 -20.040001 0.000000 0.000000 -1
0 30.000000 -9.749999 -20.040001 0.000000 1.000000 -1
0 30.000000 10.000000 -19.160000 1.000000 0.000000 -1
0 30.000000 -9.749999 -19.160000 1.000000 1.000000 -1
0 30.000000 10.000000 -19.160000 0.000000 1.000000 -1
0 50.000000 10.000000 -19.160000 1.000000 1.000000 -1
0 30.000000 -9.749999 -19.160000 0.000000 0.000000 -1
0 50.000000 -9.749999 -19.160000 1.000000 0.000000 -1
8
-0.666667 0.666667 0.333333
-0.408248 -0.408248 0.816497
0.408248 0.408248 0.816497
0.666667 -0.666667 0.333333
0.666667 0.666667 -0.333333
0.408248 -0.408248 -0.816497
-0.408248 0.408248 -0.816497
-0.666667 -0.666667 -0.333333
12
0 0 1 2 0 1 2 1
0 1 3 2 1 3 2 1
0 4 5 6 2 3 4 1
0 5 7 6 3 5 4 1
0 8 9 10 4 5 6 1
0 9 11 10 5 7 6 1
0 12 13 14 6 7 0 1
0 13 15 14 7 1 0 1
0 12 16 6 6 0 4 1
0 16 17 6 0 2 4 1
0 18 13 19 1 7 3 1
0 13 7 19 7 5 3 1
"D2" 0 6
20
0 10.000000 -9.999999 -19.160000 0.000000 0.000000 -1
0 10.000000 -29.750002 -19.160000 0.000000 1.000000 -1
0 30.000000 -9.999999 -19.160000 1.000000 0.000000 -1
0 30.000000 -29.750002 -19.160000 1.000000 1.000000 -1
0 30.000000 -9.999999 -19.160000 0.000000 0.000000 -1
0 30.000000 -29.750002 -19.160000 0.000000 1.000000 -1
0 30.000000 -9.999999 -20.040001 1.000000 0.000000 -1
0 30.000000 -29.750002 -20.040001 1.000000 1.000000 -1
0 30.000000 -9.999999 -20.040001 0.000000 0.000000 -1
0 30.000000 -29.750002 -20.040001 0.000000 1.000000 -1
0 10.000000 -9.999999 -20.040001 1.000000 0.000000 -1
0 10.000000 -29.750002 -20.040001 1.000000 1.000000 -1
0 10.000000 -9.999999 -20.040001 0.000000 0.000000 -1
0 10.000000 -29.750002 -20.040001 0.000000 1.000000 -1
0 10.000000 -9.999999 -19.160000 1.000000 0.000000 -1
0 10.000000 -29.750002 -19.160000 1.000000 1.000000 -1
0 10.000000 -9.999999 -19.160000 0.000000 1.000000 -1
0 30.000000 -9.999999 -19.160000 1.000000 1.000000 -1
0 10.000000 -29.750002 -19.160000 0.000000 0.000000 -1
0 30.000000 -29.750002 -19.160000 1.000000 0.000000 -1
8
-0.666667 0.666667 0.333333
-0.408248 -0.408248 0.816497
0.408248 0.408248 0.816497
0.666667 -0.666667 0.333333
0.666667 0.666667 -0.333333
0.408248 -0.408248 -0.816497
-0.408248 0.408248 -0.816497
-0.666667 -0.666667 -0.333333
12
0 0 1 2 0 1 2 1
0 1 3 2 1 3 2 1
0 4 5 6 2 3 4 1
0 5 7 6 3 5 4 1
0 8 9 10 4 5 6 1
0 9 11 10 5 7 6 1
0 12 13 14 6 7 0 1
0 13 15 14 7 1 0 1
0 12 16 6 6 0 4 1
0 16 17 6 0 2 4 1
0 18 13 19 1 7 3 1
0 13 7 19 7 5 3 1

Materials: 7
"Material01"
1.000000 0.501961 0.752941 1.000000
0.800000 0.800000 0.800000 1.000000
0.000000 0.000000 0.000000 1.000000
0.000000 0.000000 0.000000 1.000000
0.000000
1.000000
""
""
"Material02"
0.501961 1.000000 0.501961 1.000000
0.800000 0.800000 0.800000 1.000000
0.000000 0.000000 0.000000 1.000000
0.000000 0.000000 0.000000 1.000000
0.000000
1.000000
".\arrow_ur.png"
""
"Material03"
0.000000 1.000000 0.501961 1.000000
0.800000 0.800000 0.800000 1.000000
0.000000 0.000000 0.000000 1.000000
0.000000 0.000000 0.000000 1.000000
0.000000
1.000000
".\arrow_ul.png"
".\arrow_ul.png"
"Material01"
0.200000 0.200000 0.200000 1.000000
0.800000 0.800000 0.800000 1.000000
0.000000 0.000000 0.000000 1.000000
0.000000 0.000000 0.000000 1.000000
0.000000
1.000000
".\arrow_u.png"
""
"Material02"
0.200000 0.200000 0.200000 1.000000
0.800000 0.800000 0.800000 1.000000
0.000000 0.000000 0.000000 1.000000
0.000000 0.000000 0.000000 1.000000
0.000000
1.000000
".\arrow_r.png"
""
"Material03"
0.200000 0.200000 0.200000 1.000000
0.800000 0.800000 0.800000 1.000000
0.000000 0.000000 0.000000 1.000000
0.000000 0.000000 0.000000 1.000000
0.000000
1.000000
".\arrow_l.png"
""
"Material04"
0.200000 0.200000 0.200000 1.000000
0.800000 0.800000 0.800000 1.000000
0.000000 0.000000 0.000000 1.000000
0.000000 0.000000 0.000000 1.000000
0.000000
1.000000
".\arrow_d.png"
""
