// MilkShape 3D ASCII

Frames: 30
Frame: 1

Meshes: 1
"Sphere05" 0 0
89
0 -0.230769 -13.000000 0.500000 0.000000 1.000000 -1
1 15.457692 -23.035894 0.483333 0.000000 0.833333 -1
0 14.320832 -23.035894 4.500000 0.083333 0.833333 -1
0 0.000000 23.500000 0.500000 0.000000 0.000000 -1
0 5.013140 13.026279 3.250000 0.083333 0.166667 -1
0 5.750000 13.026279 0.500000 0.000000 0.166667 -1
0 -0.230769 -13.000000 0.500000 0.083333 1.000000 -1
0 2.750000 -9.526279 5.263140 0.166667 0.833333 -1
0 0.000000 23.500000 0.500000 0.083333 0.000000 -1
0 3.000000 13.026279 5.263140 0.166667 0.166667 -1
0 -0.230769 -13.000000 0.500000 0.166667 1.000000 -1
0 0.000000 -9.526279 6.000000 0.250000 0.833333 -1
0 0.000000 23.500000 0.500000 0.166667 0.000000 -1
0 0.250000 13.026279 6.000000 0.250000 0.166667 -1
0 -0.230769 -13.000000 0.500000 0.250000 1.000000 -1
0 -2.750000 -9.526279 5.263140 0.333333 0.833333 -1
0 0.000000 23.500000 0.500000 0.250000 0.000000 -1
0 -2.500000 13.026279 5.263140 0.333333 0.166667 -1
0 -0.230769 -13.000000 0.500000 0.333333 1.000000 -1
0 -13.820830 -22.958971 4.750000 0.416667 0.833333 -1
0 0.000000 23.500000 0.500000 0.333333 0.000000 -1
0 -4.513140 13.026279 3.250000 0.416667 0.166667 -1
0 -0.230769 -13.000000 0.500000 0.416667 1.000000 -1
0 -16.291027 -22.958971 0.533333 0.500000 0.833333 -1
0 0.000000 23.500000 0.500000 0.416667 0.000000 -1
0 -5.250000 13.026279 0.500000 0.500000 0.166667 -1
0 -0.230769 -13.000000 0.500000 0.500000 1.000000 -1
0 -13.916986 -23.141663 -2.250000 0.583333 0.833333 -1
0 0.000000 23.500000 0.500000 0.500000 0.000000 -1
0 -4.763140 13.026279 -1.750000 0.583333 0.166667 -1
0 -0.230769 -13.000000 0.500000 0.583333 1.000000 -1
0 -2.750000 -9.526279 -4.263140 0.666667 0.833333 -1
0 0.000000 23.500000 0.500000 0.583333 0.000000 -1
0 -2.750000 13.026279 -3.763140 0.666667 0.166667 -1
0 -0.230769 -13.000000 0.500000 0.666667 1.000000 -1
0 -0.000000 -9.526279 -5.000000 0.750000 0.833333 -1
0 0.000000 23.500000 0.500000 0.666667 0.000000 -1
0 -0.000000 13.026279 -4.500000 0.750000 0.166667 -1
0 -0.230769 -13.000000 0.500000 0.750000 1.000000 -1
0 2.750000 -9.526279 -4.263140 0.833333 0.833333 -1
0 0.000000 23.500000 0.500000 0.750000 0.000000 -1
0 2.750000 13.026279 -4.263140 0.833333 0.166667 -1
0 -0.230769 -13.000000 0.500000 0.833333 1.000000 -1
0 13.199037 -23.295511 -2.583333 0.916667 0.833333 -1
0 0.000000 23.500000 0.500000 0.833333 0.000000 -1
0 4.763140 13.026279 -2.250000 0.916667 0.166667 -1
0 -0.230769 -13.000000 0.500000 0.916667 1.000000 -1
1 15.457692 -23.035894 0.483333 1.000000 0.833333 -1
0 0.000000 23.500000 0.500000 0.916667 0.000000 -1
0 5.750000 13.026279 0.500000 1.000000 0.166667 -1
0 11.726280 -5.500000 0.500000 0.000000 0.666667 -1
0 8.250000 -5.500000 5.263140 0.083333 0.666667 -1
0 4.763140 -5.500000 5.625000 0.166667 0.666667 -1
0 0.000000 -5.500000 6.901279 0.250000 0.666667 -1
0 -4.763140 -5.500000 5.625000 0.333333 0.666667 -1
0 -8.250000 -5.500000 5.263140 0.416667 0.666667 -1
0 -9.526279 -5.500000 0.500000 0.500000 0.666667 -1
0 -8.250000 -5.500000 -4.263140 0.583333 0.666667 -1
0 -4.763140 -5.125000 -4.125000 0.666667 0.666667 -1
0 -0.000000 -5.125000 -5.401279 0.750000 0.666667 -1
0 4.763140 -5.125000 -4.125000 0.833333 0.666667 -1
0 8.250000 -5.500000 -4.263140 0.916667 0.666667 -1
0 11.726280 -5.500000 0.500000 1.000000 0.666667 -1
0 22.923077 5.538462 0.500000 0.000000 0.500000 -1
0 21.449356 5.538462 6.000000 0.083333 0.500000 -1
0 5.500000 0.000000 6.901279 0.166667 0.500000 -1
0 0.000000 -0.125000 6.875000 0.250000 0.500000 -1
0 -5.500000 0.000000 6.901279 0.333333 0.500000 -1
0 -22.526279 5.557693 6.000000 0.416667 0.500000 -1
0 -24.000000 5.557693 0.500000 0.500000 0.500000 -1
0 -22.083973 5.538462 -5.500000 0.583333 0.500000 -1
0 -5.500000 0.375000 -5.401279 0.666667 0.500000 -1
0 -0.000000 0.375000 -5.250000 0.750000 0.500000 -1
0 5.500000 0.375000 -5.401279 0.833333 0.500000 -1
0 21.430124 5.538462 -4.500000 0.916667 0.500000 -1
0 22.923077 5.538462 0.500000 1.000000 0.500000 -1
0 9.526279 5.500000 0.500000 0.000000 0.333333 -1
0 8.250000 5.500000 5.263140 0.083333 0.333333 -1
0 4.763140 5.500000 5.625000 0.166667 0.333333 -1
0 0.000000 5.500000 6.901279 0.250000 0.333333 -1
0 -4.763140 5.500000 5.625000 0.333333 0.333333 -1
0 -8.250000 5.500000 5.263140 0.416667 0.333333 -1
0 -9.526279 5.500000 0.500000 0.500000 0.333333 -1
0 -8.250000 5.500000 -4.263140 0.583333 0.333333 -1
0 -4.763140 5.875000 -4.125000 0.666667 0.333333 -1
0 -0.000000 5.875000 -5.401279 0.750000 0.333333 -1
0 4.763140 5.875000 -4.125000 0.833333 0.333333 -1
0 8.250000 5.500000 -4.263140 0.916667 0.333333 -1
0 9.526279 5.500000 0.500000 1.000000 0.333333 -1
62
-0.002350 -0.998757 0.049797
0.944607 -0.327206 -0.025560
-0.057903 -0.504861 0.861256
-0.043629 0.998903 -0.017004
0.766539 0.465415 0.442501
0.884549 0.465845 -0.023690
0.044899 -0.354238 0.934077
0.369891 0.289135 0.882939
-0.000617 -0.579884 0.814699
-0.000169 0.297415 0.954748
-0.037079 -0.353098 0.934851
-0.368807 0.295885 0.881155
0.101256 -0.499823 0.860188
-0.763978 0.470867 0.441159
-0.982958 -0.183828 -0.000212
-0.879815 0.475107 0.014094
0.083265 -0.546110 -0.833565
-0.774804 0.470946 -0.421769
-0.030765 -0.295776 -0.954762
-0.348097 0.286442 -0.892625
-0.000636 -0.527077 -0.849817
-0.084538 0.280758 -0.956048
0.027154 -0.286428 -0.957717
0.293966 0.267266 -0.917689
-0.080091 -0.530679 -0.843781
0.746194 0.467997 -0.473468
0.950524 -0.310652 0.000036
0.510334 -0.238582 0.826219
0.177204 -0.210622 0.961373
0.000000 -0.172198 0.985062
-0.177204 -0.210622 0.961373
-0.532457 -0.258263 0.806096
-0.960823 -0.277162 -0.000025
-0.469433 -0.241497 -0.849301
-0.104951 -0.129669 -0.985987
0.000000 -0.102733 -0.994709
0.104951 -0.129669 -0.985987
0.438152 -0.218647 -0.871904
0.898669 0.438571 -0.007081
0.315841 0.147155 0.937331
0.099250 0.011343 0.994998
0.000000 0.000109 1.000000
-0.098818 0.010686 0.995048
-0.304202 0.135522 0.942918
-0.939186 0.343170 -0.012801
-0.250386 0.141350 -0.957772
-0.042423 0.012571 -0.999021
0.000000 0.000000 -1.000000
0.058224 0.011495 -0.998237
0.310793 0.143827 -0.939532
0.516544 0.856260 0.000000
0.408968 0.639372 0.651114
0.178896 0.167662 0.969477
0.000130 0.122492 0.992470
-0.178683 0.173542 0.968481
-0.397047 0.655430 0.642468
-0.494565 0.869141 0.000000
-0.363246 0.658366 -0.659247
-0.116028 0.161245 -0.980070
-0.021857 0.111244 -0.993553
0.114889 0.126571 -0.985282
0.373792 0.628243 -0.682342
120
0 0 1 2 0 1 2 1
0 3 4 5 3 4 5 1
0 6 2 7 0 2 6 1
0 8 9 4 3 7 4 1
0 10 7 11 0 6 8 1
0 12 13 9 3 9 7 1
0 14 11 15 0 8 10 1
0 16 17 13 3 11 9 1
0 18 15 19 0 10 12 1
0 20 21 17 3 13 11 1
0 22 19 23 0 12 14 1
0 24 25 21 3 15 13 1
0 26 23 27 0 14 16 1
0 28 29 25 3 17 15 1
0 30 27 31 0 16 18 1
0 32 33 29 3 19 17 1
0 34 31 35 0 18 20 1
0 36 37 33 3 21 19 1
0 38 35 39 0 20 22 1
0 40 41 37 3 23 21 1
0 42 39 43 0 22 24 1
0 44 45 41 3 25 23 1
0 46 43 47 0 24 1 1
0 48 49 45 3 5 25 1
0 1 50 51 1 26 27 1
0 1 51 2 1 27 2 1
0 2 51 7 2 27 6 1
0 51 52 7 27 28 6 1
0 7 52 53 6 28 29 1
0 7 53 11 6 29 8 1
0 11 53 15 8 29 10 1
0 53 54 15 29 30 10 1
0 15 54 55 10 30 31 1
0 15 55 19 10 31 12 1
0 19 55 23 12 31 14 1
0 55 56 23 31 32 14 1
0 23 56 57 14 32 33 1
0 23 57 27 14 33 16 1
0 27 57 31 16 33 18 1
0 57 58 31 33 34 18 1
0 31 58 59 18 34 35 1
0 31 59 35 18 35 20 1
0 35 59 39 20 35 22 1
0 59 60 39 35 36 22 1
0 39 60 61 22 36 37 1
0 39 61 43 22 37 24 1
0 43 61 47 24 37 1 1
0 61 62 47 37 26 1 1
0 50 63 51 26 38 27 1
0 63 64 51 38 39 27 1
0 51 64 65 27 39 40 1
0 51 65 52 27 40 28 1
0 52 65 53 28 40 29 1
0 65 66 53 40 41 29 1
0 53 66 67 29 41 42 1
0 53 67 54 29 42 30 1
0 54 67 55 30 42 31 1
0 67 68 55 42 43 31 1
0 55 68 69 31 43 44 1
0 55 69 56 31 44 32 1
0 56 69 57 32 44 33 1
0 69 70 57 44 45 33 1
0 57 70 71 33 45 46 1
0 57 71 58 33 46 34 1
0 58 71 59 34 46 35 1
0 71 72 59 46 47 35 1
0 59 72 73 35 47 48 1
0 59 73 60 35 48 36 1
0 60 73 61 36 48 37 1
0 73 74 61 48 49 37 1
0 61 74 75 37 49 38 1
0 61 75 62 37 38 26 1
0 63 76 77 38 50 51 1
0 63 77 64 38 51 39 1
0 64 77 65 39 51 40 1
0 77 78 65 51 52 40 1
0 65 78 79 40 52 53 1
0 65 79 66 40 53 41 1
0 66 79 67 41 53 42 1
0 79 80 67 53 54 42 1
0 67 80 81 42 54 55 1
0 67 81 68 42 55 43 1
0 68 81 69 43 55 44 1
0 81 82 69 55 56 44 1
0 69 82 83 44 56 57 1
0 69 83 70 44 57 45 1
0 70 83 71 45 57 46 1
0 83 84 71 57 58 46 1
0 71 84 85 46 58 59 1
0 71 85 72 46 59 47 1
0 72 85 73 47 59 48 1
0 85 86 73 59 60 48 1
0 73 86 87 48 60 61 1
0 73 87 74 48 61 49 1
0 74 87 75 49 61 38 1
0 87 88 75 61 50 38 1
0 76 5 77 50 5 51 1
0 5 4 77 5 4 51 1
0 77 4 9 51 4 7 1
0 77 9 78 51 7 52 1
0 78 9 79 52 7 53 1
0 9 13 79 7 9 53 1
0 79 13 17 53 9 11 1
0 79 17 80 53 11 54 1
0 80 17 81 54 11 55 1
0 17 21 81 11 13 55 1
0 81 21 25 55 13 15 1
0 81 25 82 55 15 56 1
0 82 25 83 56 15 57 1
0 25 29 83 15 17 57 1
0 83 29 33 57 17 19 1
0 83 33 84 57 19 58 1
0 84 33 85 58 19 59 1
0 33 37 85 19 21 59 1
0 85 37 41 59 21 23 1
0 85 41 86 59 23 60 1
0 86 41 87 60 23 61 1
0 41 45 87 23 25 61 1
0 87 45 49 61 25 5 1
0 87 49 88 61 5 50 1
