// MilkShape 3D ASCII

Frames: 30
Frame: 1

Meshes: 1
"Cylinder01" 1 0
116
1 4.566176 -24.750000 0.066176 0.000000 0.000000 -1
1 3.946544 -24.750000 2.378676 0.000000 0.000000 -1
1 -0.058824 -16.750000 0.066176 0.000000 0.000000 -1
1 4.566176 24.750000 0.066176 0.000000 0.000000 -1
1 -0.058824 16.250000 0.066176 0.000000 0.000000 -1
1 3.946544 24.750000 2.378676 0.000000 0.000000 -1
1 4.566176 -24.750000 0.066176 0.000000 1.000000 -1
1 4.566176 -16.500000 0.066176 0.000000 0.833333 -1
1 3.946544 -16.500000 2.378676 0.083333 0.833333 -1
1 3.946544 -24.750000 2.378676 0.083333 1.000000 -1
1 9.191176 -8.250000 0.066177 0.000000 0.666667 -1
1 7.951911 -8.250000 4.691176 0.083333 0.666667 -1
1 19.816177 0.000000 0.066176 0.000000 0.500000 -1
1 16.974323 0.000000 8.878675 0.083333 0.500000 -1
1 9.191176 8.250000 0.066177 0.000000 0.333333 -1
1 7.951911 8.250000 4.691176 0.083333 0.333333 -1
1 4.566176 16.500000 0.066176 0.000000 0.166667 -1
1 3.946544 16.500000 2.378676 0.083333 0.166667 -1
1 3.946544 24.750000 2.378676 0.083333 0.000000 -1
1 2.253676 -24.750000 4.071544 0.000000 0.000000 -1
1 2.253676 24.750000 4.071544 0.000000 0.000000 -1
1 2.253676 -24.750000 4.071544 0.166667 1.000000 -1
1 2.253676 -16.500000 4.071544 0.166667 0.833333 -1
1 4.566176 -8.250000 8.076911 0.166667 0.666667 -1
1 10.087015 0.000000 16.960428 0.166667 0.500000 -1
1 4.566176 8.250000 8.076911 0.166667 0.333333 -1
1 2.253676 16.500000 4.071544 0.166667 0.166667 -1
1 2.253676 24.750000 4.071544 0.166667 0.000000 -1
1 -0.058824 -24.750000 4.691176 0.000000 0.000000 -1
1 -0.058824 24.750000 4.691176 0.000000 0.000000 -1
1 -0.058824 -16.500000 4.691176 0.250000 0.833333 -1
1 -0.058824 -24.750000 4.691176 0.250000 1.000000 -1
1 -0.058823 -8.250000 9.316176 0.250000 0.666667 -1
1 -0.003268 0.000000 20.024506 0.250000 0.500000 -1
1 -0.058823 8.250000 9.316176 0.250000 0.333333 -1
1 -0.058824 16.500000 4.691176 0.250000 0.166667 -1
1 -0.058824 24.750000 4.691176 0.250000 0.000000 -1
1 -2.371324 -24.750000 4.071544 0.000000 0.000000 -1
1 -2.371324 24.750000 4.071544 0.000000 0.000000 -1
1 -2.371324 -24.750000 4.071544 0.333333 1.000000 -1
1 -2.371324 -16.500000 4.071544 0.333333 0.833333 -1
1 -4.683824 -8.250000 8.076911 0.333333 0.666667 -1
1 -9.093546 0.000000 16.960428 0.333333 0.500000 -1
1 -4.683824 8.250000 8.076911 0.333333 0.333333 -1
1 -2.371324 16.500000 4.071544 0.333333 0.166667 -1
1 -2.371324 24.750000 4.071544 0.333333 0.000000 -1
1 -4.064191 -24.750000 2.378676 0.000000 0.000000 -1
1 -4.064191 24.750000 2.378676 0.000000 0.000000 -1
1 -4.064191 -16.500000 2.378676 0.416667 0.833333 -1
1 -4.064191 -24.750000 2.378676 0.416667 1.000000 -1
1 -8.069558 -8.250000 4.691176 0.416667 0.666667 -1
1 -17.036413 0.000000 8.989787 0.416667 0.500000 -1
1 -8.069558 8.250000 4.691176 0.416667 0.333333 -1
1 -4.064191 16.500000 2.378676 0.416667 0.166667 -1
1 -4.064191 24.750000 2.378676 0.416667 0.000000 -1
1 -4.683824 -24.750000 0.066176 0.000000 0.000000 -1
1 -4.683824 24.750000 0.066176 0.000000 0.000000 -1
1 -4.683824 -24.750000 0.066176 0.500000 1.000000 -1
1 -4.683824 -16.500000 0.066176 0.500000 0.833333 -1
1 -9.308824 -8.250000 0.066177 0.500000 0.666667 -1
1 -19.933823 0.000000 0.066176 0.500000 0.500000 -1
1 -9.308824 8.250000 0.066177 0.500000 0.333333 -1
1 -4.683824 16.500000 0.066176 0.500000 0.166667 -1
1 -4.683824 24.750000 0.066176 0.500000 0.000000 -1
1 -4.064191 -24.750000 -2.246324 0.000000 0.000000 -1
1 -4.064191 24.750000 -2.246324 0.000000 0.000000 -1
1 -4.064191 -16.500000 -2.246324 0.583333 0.833333 -1
1 -4.064191 -24.750000 -2.246324 0.583333 1.000000 -1
1 -8.069558 -8.250000 -4.558824 0.583333 0.666667 -1
1 -17.078896 0.000000 -10.007761 0.583333 0.500000 -1
1 -8.069558 8.250000 -4.558824 0.583333 0.333333 -1
1 -4.064191 16.500000 -2.246324 0.583333 0.166667 -1
1 -4.064191 24.750000 -2.246324 0.583333 0.000000 -1
1 -2.371324 -24.750000 -3.939191 0.000000 0.000000 -1
1 -2.371324 24.750000 -3.939191 0.000000 0.000000 -1
1 -2.371324 -24.750000 -3.939191 0.666667 1.000000 -1
1 -2.371324 -16.500000 -3.939191 0.666667 0.833333 -1
1 -4.683824 -8.250000 -7.944558 0.666667 0.666667 -1
1 -10.062500 0.000000 -16.939194 0.666667 0.500000 -1
1 -4.683824 8.250000 -7.944558 0.666667 0.333333 -1
1 -2.371324 16.500000 -3.939191 0.666667 0.166667 -1
1 -2.371324 24.750000 -3.939191 0.666667 0.000000 -1
1 -0.058824 -24.750000 -4.558824 0.000000 0.000000 -1
1 -0.058824 24.750000 -4.558824 0.000000 0.000000 -1
1 -0.058824 -16.500000 -4.558824 0.750000 0.833333 -1
1 -0.058824 -24.750000 -4.558824 0.750000 1.000000 -1
1 -0.058823 -8.250000 -9.183824 0.750000 0.666667 -1
1 0.011438 0.000000 -20.032682 0.750000 0.500000 -1
1 -0.058823 8.250000 -9.183824 0.750000 0.333333 -1
1 -0.058824 16.500000 -4.558824 0.750000 0.166667 -1
1 -0.058824 24.750000 -4.558824 0.750000 0.000000 -1
1 2.253676 -24.750000 -3.939191 0.000000 0.000000 -1
1 2.253676 24.750000 -3.939191 0.000000 0.000000 -1
1 2.253676 -24.750000 -3.939191 0.833333 1.000000 -1
1 2.253676 -16.500000 -3.939191 0.833333 0.833333 -1
1 4.566176 -8.250000 -7.944558 0.833333 0.666667 -1
1 8.841911 0.000000 -17.071547 0.833333 0.500000 -1
1 4.566176 8.250000 -7.944558 0.833333 0.333333 -1
1 2.253676 16.500000 -3.939191 0.833333 0.166667 -1
1 2.253676 24.750000 -3.939191 0.833333 0.000000 -1
1 3.946544 -24.750000 -2.246324 0.000000 0.000000 -1
1 3.946544 24.750000 -2.246324 0.000000 0.000000 -1
1 3.946544 -16.500000 -2.246324 0.916667 0.833333 -1
1 3.946544 -24.750000 -2.246324 0.916667 1.000000 -1
1 7.951911 -8.250000 -4.558824 0.916667 0.666667 -1
1 16.884045 0.000000 -9.121324 0.916667 0.500000 -1
1 7.951911 8.250000 -4.558824 0.916667 0.333333 -1
1 3.946544 16.500000 -2.246324 0.916667 0.166667 -1
1 3.946544 24.750000 -2.246324 0.916667 0.000000 -1
1 4.566176 -24.750000 0.066176 1.000000 1.000000 -1
1 4.566176 -16.500000 0.066176 1.000000 0.833333 -1
1 9.191176 -8.250000 0.066177 1.000000 0.666667 -1
1 19.816177 0.000000 0.066176 1.000000 0.500000 -1
1 9.191176 8.250000 0.066177 1.000000 0.333333 -1
1 4.566176 16.500000 0.066176 1.000000 0.166667 -1
1 4.566176 24.750000 0.066176 1.000000 0.000000 -1
98
-0.865735 -0.500503 0.000000
-0.749748 -0.500503 -0.432867
0.000000 -1.000000 -0.000000
-0.878389 0.477947 0.000000
0.000000 1.000000 0.000000
-0.760707 0.477947 -0.439194
1.000000 0.000000 0.000000
0.967276 -0.253725 0.000000
0.837686 -0.253725 0.483638
0.866025 0.000000 0.500000
0.760863 -0.648913 0.000264
0.664708 -0.640168 0.385160
0.999999 0.000000 0.001606
0.868531 0.000000 0.495634
0.760863 0.648913 0.000264
0.664708 0.640168 0.385160
0.967276 0.253725 0.000000
0.837686 0.253725 0.483638
-0.432867 -0.500503 -0.749748
-0.439194 0.477947 -0.760707
0.500000 0.000000 0.866025
0.483638 -0.253725 0.837686
0.389856 -0.647910 0.654389
0.548980 0.000000 0.835835
0.389856 0.647910 0.654390
0.483638 0.253725 0.837686
0.000000 -0.500503 -0.865735
0.000000 0.477947 -0.878389
0.000000 -0.253725 0.967276
0.000000 0.000000 1.000000
-0.000071 -0.654876 0.755736
-0.009048 0.000000 0.999959
-0.000071 0.654876 0.755736
0.000000 0.253725 0.967276
0.432867 -0.500503 -0.749748
0.439194 0.477947 -0.760707
-0.500000 0.000000 0.866025
-0.483638 -0.253725 0.837686
-0.389179 -0.642672 0.659934
-0.530486 0.000000 0.847694
-0.389179 0.642672 0.659934
-0.483638 0.253725 0.837686
0.749748 -0.500503 -0.432867
0.760707 0.477947 -0.439194
-0.837686 -0.253725 0.483638
-0.866025 0.000000 0.500000
-0.664676 -0.640329 0.384946
-0.857553 -0.000000 0.514395
-0.664676 0.640329 0.384946
-0.837686 0.253725 0.483638
0.865735 -0.500503 0.000000
0.878389 0.477947 0.000000
-1.000000 0.000000 0.000000
-0.967276 -0.253725 0.000000
-0.759672 -0.650297 0.003565
-0.999801 0.000000 0.019949
-0.759672 0.650297 0.003565
-0.967276 0.253725 0.000000
0.749748 -0.500503 0.432867
0.760707 0.477947 0.439194
-0.837686 -0.253725 -0.483638
-0.866025 0.000000 -0.500000
-0.657004 -0.651693 -0.379000
-0.863596 0.000000 -0.504185
-0.657005 0.651693 -0.379000
-0.837686 0.253725 -0.483638
0.432867 -0.500503 0.749748
0.439194 0.477947 0.760707
-0.500000 0.000000 -0.866025
-0.483638 -0.253725 -0.837686
-0.381024 -0.652942 -0.654590
-0.512944 0.000000 -0.858422
-0.381024 0.652942 -0.654590
-0.483638 0.253725 -0.837686
0.000000 -0.500503 0.865735
0.000000 0.477947 0.878389
-0.000000 -0.253725 -0.967276
0.000000 0.000000 -1.000000
-0.000089 -0.657284 -0.753643
0.007074 0.000000 -0.999975
-0.000089 0.657284 -0.753643
-0.000000 0.253725 -0.967276
-0.432867 -0.500503 0.749748
-0.439194 0.477947 0.760707
0.500000 0.000000 -0.866025
0.483638 -0.253725 -0.837686
0.387346 -0.645588 -0.658164
0.527095 0.000000 -0.849807
0.387346 0.645588 -0.658164
0.483638 0.253725 -0.837686
-0.749748 -0.500503 0.432867
-0.760707 0.477947 0.439194
0.837686 -0.253725 -0.483638
0.866025 0.000000 -0.500000
0.663414 -0.642308 -0.383825
0.857625 0.000000 -0.514275
0.663414 0.642308 -0.383825
0.837686 0.253725 -0.483638
168
1 0 1 2 0 1 2 2
1 3 4 5 3 4 5 2
1 6 7 8 6 7 8 1
1 6 8 9 6 8 9 1
1 7 10 8 7 10 8 1
1 10 11 8 10 11 8 1
1 10 12 13 10 12 13 1
1 10 13 11 10 13 11 1
1 12 14 13 12 14 13 1
1 14 15 13 14 15 13 1
1 14 16 17 14 16 17 1
1 14 17 15 14 17 15 1
1 16 3 17 16 6 17 1
1 3 18 17 6 9 17 1
1 1 19 2 1 18 2 2
1 5 4 20 5 4 19 2
1 9 8 21 9 8 20 1
1 8 22 21 8 21 20 1
1 8 11 23 8 11 22 1
1 8 23 22 8 22 21 1
1 11 13 23 11 13 22 1
1 13 24 23 13 23 22 1
1 13 15 25 13 15 24 1
1 13 25 24 13 24 23 1
1 15 17 25 15 17 24 1
1 17 26 25 17 25 24 1
1 17 18 27 17 9 20 1
1 17 27 26 17 20 25 1
1 19 28 2 18 26 2 2
1 20 4 29 19 4 27 2
1 21 22 30 20 21 28 1
1 21 30 31 20 28 29 1
1 22 23 30 21 22 28 1
1 23 32 30 22 30 28 1
1 23 24 33 22 23 31 1
1 23 33 32 22 31 30 1
1 24 25 33 23 24 31 1
1 25 34 33 24 32 31 1
1 25 26 35 24 25 33 1
1 25 35 34 24 33 32 1
1 26 27 35 25 20 33 1
1 27 36 35 20 29 33 1
1 28 37 2 26 34 2 2
1 29 4 38 27 4 35 2
1 31 30 39 29 28 36 1
1 30 40 39 28 37 36 1
1 30 32 41 28 30 38 1
1 30 41 40 28 38 37 1
1 32 33 41 30 31 38 1
1 33 42 41 31 39 38 1
1 33 34 43 31 32 40 1
1 33 43 42 31 40 39 1
1 34 35 43 32 33 40 1
1 35 44 43 33 41 40 1
1 35 36 45 33 29 36 1
1 35 45 44 33 36 41 1
1 37 46 2 34 42 2 2
1 38 4 47 35 4 43 2
1 39 40 48 36 37 44 1
1 39 48 49 36 44 45 1
1 40 41 48 37 38 44 1
1 41 50 48 38 46 44 1
1 41 42 51 38 39 47 1
1 41 51 50 38 47 46 1
1 42 43 51 39 40 47 1
1 43 52 51 40 48 47 1
1 43 44 53 40 41 49 1
1 43 53 52 40 49 48 1
1 44 45 53 41 36 49 1
1 45 54 53 36 45 49 1
1 46 55 2 42 50 2 2
1 47 4 56 43 4 51 2
1 49 48 57 45 44 52 1
1 48 58 57 44 53 52 1
1 48 50 59 44 46 54 1
1 48 59 58 44 54 53 1
1 50 51 59 46 47 54 1
1 51 60 59 47 55 54 1
1 51 52 61 47 48 56 1
1 51 61 60 47 56 55 1
1 52 53 61 48 49 56 1
1 53 62 61 49 57 56 1
1 53 54 63 49 45 52 1
1 53 63 62 49 52 57 1
1 55 64 2 50 58 2 2
1 56 4 65 51 4 59 2
1 57 58 66 52 53 60 1
1 57 66 67 52 60 61 1
1 58 59 66 53 54 60 1
1 59 68 66 54 62 60 1
1 59 60 69 54 55 63 1
1 59 69 68 54 63 62 1
1 60 61 69 55 56 63 1
1 61 70 69 56 64 63 1
1 61 62 71 56 57 65 1
1 61 71 70 56 65 64 1
1 62 63 71 57 52 65 1
1 63 72 71 52 61 65 1
1 64 73 2 58 66 2 2
1 65 4 74 59 4 67 2
1 67 66 75 61 60 68 1
1 66 76 75 60 69 68 1
1 66 68 77 60 62 70 1
1 66 77 76 60 70 69 1
1 68 69 77 62 63 70 1
1 69 78 77 63 71 70 1
1 69 70 79 63 64 72 1
1 69 79 78 63 72 71 1
1 70 71 79 64 65 72 1
1 71 80 79 65 73 72 1
1 71 72 81 65 61 68 1
1 71 81 80 65 68 73 1
1 73 82 2 66 74 2 2
1 74 4 83 67 4 75 2
1 75 76 84 68 69 76 1
1 75 84 85 68 76 77 1
1 76 77 84 69 70 76 1
1 77 86 84 70 78 76 1
1 77 78 87 70 71 79 1
1 77 87 86 70 79 78 1
1 78 79 87 71 72 79 1
1 79 88 87 72 80 79 1
1 79 80 89 72 73 81 1
1 79 89 88 72 81 80 1
1 80 81 89 73 68 81 1
1 81 90 89 68 77 81 1
1 82 91 2 74 82 2 2
1 83 4 92 75 4 83 2
1 85 84 93 77 76 84 1
1 84 94 93 76 85 84 1
1 84 86 95 76 78 86 1
1 84 95 94 76 86 85 1
1 86 87 95 78 79 86 1
1 87 96 95 79 87 86 1
1 87 88 97 79 80 88 1
1 87 97 96 79 88 87 1
1 88 89 97 80 81 88 1
1 89 98 97 81 89 88 1
1 89 90 99 81 77 84 1
1 89 99 98 81 84 89 1
1 91 100 2 82 90 2 2
1 92 4 101 83 4 91 2
1 93 94 102 84 85 92 1
1 93 102 103 84 92 93 1
1 94 95 102 85 86 92 1
1 95 104 102 86 94 92 1
1 95 96 105 86 87 95 1
1 95 105 104 86 95 94 1
1 96 97 105 87 88 95 1
1 97 106 105 88 96 95 1
1 97 98 107 88 89 97 1
1 97 107 106 88 97 96 1
1 98 99 107 89 84 97 1
1 99 108 107 84 93 97 1
1 100 0 2 90 0 2 2
1 101 4 3 91 4 3 2
1 103 102 109 93 92 6 1
1 102 110 109 92 7 6 1
1 102 104 111 92 94 10 1
1 102 111 110 92 10 7 1
1 104 105 111 94 95 10 1
1 105 112 111 95 12 10 1
1 105 106 113 95 96 14 1
1 105 113 112 95 14 12 1
1 106 107 113 96 97 14 1
1 107 114 113 97 16 14 1
1 107 108 115 97 93 6 1
1 107 115 114 97 6 16 1

Materials: 1
"Material02"
0.200000 0.200000 0.200000 1.000000
0.800000 0.800000 0.800000 1.000000
0.000000 0.000000 0.000000 1.000000
0.752941 0.752941 0.752941 1.000000
0.000000
1.000000
"green.png"
""
